1 1 1 0.3892434 0.0004631475 0.01536642 0.6005466 0.03344053 0.004553782 0.3179523 0.6491597 0.0003387974 0.6000944
1 2 1 0.3691887 0.000376374 0.02213605 0.50898 0.03400098 0.163253 -0.1891771 0.5132168 0.8205729 0.5033927
1 3 1 0.3819508 0.0004736024 0.003753612 0.6100844 0.03365093 0.0009732227 0.36722 0.6634914 0.0001301021 0.6080507
2 1 1 0.4392523 0.001888962 3.372455e-08 0.6170292 0.02194652 1.68624e-07 -0.7404588 0.7019171 3.159117e-08 0.6175251
2 2 1 0.4579439 0.003536169 2.698102e-08 0.615298 0.02062215 1.979843e-07 -0.7600435 0.7066032 1.45921e-08 0.6151848
2 3 1 0.4411215 0.001390185 1.238715e-08 0.6261736 0.02197739 5.62488e-09 -0.4826135 0.7142136 1.826347e-10 0.6258337
3 1 1 0.3766578 0.01095497 0.004087068 0.5896698 0.0339787 0.02011742 -0.3525603 0.6319322 0.01300261 0.5870388
3 2 1 0.3846154 0.01183725 0.001304712 0.5956664 0.03401236 0.01133278 -0.3853606 0.6401688 0.00900207 0.5948073
3 3 1 0.3819629 0.01263804 0.003170963 0.5886703 0.03412088 0.02809839 -0.3242045 0.6294998 0.01587243 0.5859435
4 1 1 0.4527938 0.002733362 0.2875151 0.5718759 0.02581399 0.1250372 -0.2947065 0.6497009 0.004002218 0.5662568
4 2 1 0.3680154 0.005113824 0.1218093 0.5444227 0.0298287 0.2239469 0.150369 0.5721466 0.1319108 0.5351159
4 3 1 0.371869 0.008502664 0.01962706 0.5714006 0.03011703 0.02358976 -0.2776488 0.6109706 0.01134275 0.5689897
5 1 1 0.422619 0.00916531 0.0824755 0.5371037 0.02400083 0.2340444 0.1829938 0.5730051 0.1077944 0.529602
5 2 1 0.3690476 0.00401927 0.1550946 0.5322586 0.02557893 0.2106831 -0.1318559 0.551201 0.1674457 0.5256985
5 3 1 0.4107143 0.005871107 0.1807228 0.540652 0.02486471 0.1652004 0.1670978 0.5699251 0.07506746 0.5343541

