1 1 0 1.012093 1.081265 1.961157 9.571
1 1 0 1.012093 1.081265 1.961157 12.615
1 1 1 0.9983399 1.045425 2.895356 9.827
1 1 1 0.9983399 1.045425 2.895356 10.583
1 1 2 1.007931 1.117305 1.023009 8.291
1 1 2 1.007931 1.117305 1.023009 14.492
1 1 3 1.004022 1.071036 1.055127 7.507
1 1 3 1.004022 1.071036 1.055127 8.319
1 1 4 0.9847899 1.034734 1.081557 9.809
1 1 4 0.9847899 1.034734 1.081557 13.176
1 1 5 1.01022 1.057535 2.866882 9.57
1 1 5 1.01022 1.057535 2.866882 9.618
1 1 6 0.9935404 1.05512 1.087105 9.548
1 1 6 0.9935404 1.05512 1.087105 9.755
1 1 7 1.023466 1.067706 1.079373 9.551
1 1 7 1.023466 1.067706 1.079373 9.792
1 1 8 0.9922273 1.068935 2.103009 9.891
1 1 8 0.9922273 1.068935 2.103009 10.132
1 1 9 0.9992638 1.0335 1.803725 8.615
1 1 9 0.9992638 1.0335 1.803725 8.793
1 1 10 1.011237 1.059921 2.561236 9.803
1 1 10 1.011237 1.059921 2.561236 9.709
1 1 11 1.009907 1.050974 1.050075 9.928
1 1 11 1.009907 1.050974 1.050075 10.32
1 1 12 1.000681 1.090859 2.594707 13.591
1 1 12 1.000681 1.090859 2.594707 12.977
1 1 13 1.001061 1.083357 1.709399 9.736
1 1 13 1.001061 1.083357 1.709399 9.613
1 1 14 1.016862 1.048192 1.909092 8.729
1 1 14 1.016862 1.048192 1.909092 8.746
1 1 15 1.008615 1.154523 1.017197 9.502
1 1 15 1.008615 1.154523 1.017197 9.507
1 1 16 1.003097 1.047262 3.413258 14.137
1 1 16 1.003097 1.047262 3.413258 9.619
1 1 17 1.011224 1.122311 1.971895 8.627
1 1 17 1.011224 1.122311 1.971895 8.443
1 1 18 1.01844 1.023304 2.559028 9.832
1 1 18 1.01844 1.023304 2.559028 9.823
1 1 19 1.006691 1.029783 1.015566 9.887
1 1 19 1.006691 1.029783 1.015566 9.775
1 1 20 1.000273 1.084842 2.045019 9.866
1 1 20 1.000273 1.084842 2.045019 9.754
1 1 21 1.000207 1.065264 1.02699 9.298
1 1 21 1.000207 1.065264 1.02699 9.501
1 1 22 1.016902 1.093323 1.034641 10.046
1 1 22 1.016902 1.093323 1.034641 10.058
1 1 23 1.00077 1.023483 1.19585 8.366
1 1 23 1.00077 1.023483 1.19585 8.196
1 1 24 1.003519 1.057675 2.130698 10.156
1 1 24 1.003519 1.057675 2.130698 9.863
1 1 25 1.00827 1.140868 1.451794 9.684
1 1 25 1.00827 1.140868 1.451794 9.686
1 1 26 1.008844 1.056179 1.265497 8.508
1 1 26 1.008844 1.056179 1.265497 8.511
1 1 27 1.024544 1.038968 3.060389 9.646
1 1 27 1.024544 1.038968 3.060389 9.825
1 1 28 1.005405 1.059908 2.216117 9.941
1 1 28 1.005405 1.059908 2.216117 9.948
1 1 29 0.9923159 1.025603 2.629395 8.583
1 1 29 0.9923159 1.025603 2.629395 8.545
1 1 30 1.004052 1.059277 1.692997 9.818
1 1 30 1.004052 1.059277 1.692997 9.846
1 1 31 1.01071 1.098585 1.597576 8.374
1 1 31 1.01071 1.098585 1.597576 8.205
1 1 32 1.022468 1.096889 1.179026 9.859
1 1 32 1.022468 1.096889 1.179026 9.563
1 1 33 0.9917761 1.054625 1.032122 10.149
1 1 33 0.9917761 1.054625 1.032122 10.155
1 1 34 1.019302 1.063225 3.887722 9.659
1 1 34 1.019302 1.063225 3.887722 9.665
1 1 35 1.002773 1.111647 1.202781 9.678
1 1 35 1.002773 1.111647 1.202781 9.687
1 1 36 1.010159 1.079755 2.397015 10.195
1 1 36 1.010159 1.079755 2.397015 10.195
1 1 37 1.006421 1.062581 1.515604 9.059
1 1 37 1.006421 1.062581 1.515604 9.002
1 1 38 1.006254 1.08315 1.95528 9.888
1 1 38 1.006254 1.08315 1.95528 9.874
1 1 39 1.000889 1.170793 1.049716 10.86
1 1 39 1.000889 1.170793 1.049716 9.523
1 1 40 1.007562 1.02448 1.252736 8.485
1 1 40 1.007562 1.02448 1.252736 8.25
1 1 41 1.012255 1.071574 1.51024 9.763
1 1 41 1.012255 1.071574 1.51024 9.773
1 1 42 1.000412 1.192998 1.031851 9.308
1 1 42 1.000412 1.192998 1.031851 9.323
1 1 43 0.9993308 1.050462 4.411665 9.811
1 1 43 0.9993308 1.050462 4.411665 9.799
1 1 44 0.9992662 1.027089 1.024853 10.334
1 1 44 0.9992662 1.027089 1.024853 9.849
1 1 45 0.9926692 1.0939 1.001628 10.152
1 1 45 0.9926692 1.0939 1.001628 10.116
1 1 46 1.005482 1.029481 1.080385 9.596
1 1 46 1.005482 1.029481 1.080385 11.961
1 1 47 1.035553 1.05507 0.9925296 9.769
1 1 47 1.035553 1.05507 0.9925296 9.535
1 1 48 1.010745 1.141787 0.9936267 10.1
1 1 48 1.010745 1.141787 0.9936267 9.779
1 1 49 0.9990991 1.081756 1.02547 10.076
1 1 49 0.9990991 1.081756 1.02547 10.065
1 2 0 4.156447e+15 5.492734e+21 1.637734 1908.43
1 2 0 4.156447e+15 5.492734e+21 1.637734 2336.338
1 2 1 1.725388e+19 1.602871e+21 1.114025 1972.072
1 2 1 1.725388e+19 1.602871e+21 1.114025 2327.619
1 2 2 6049203239 4.550518e+21 1.37804 2042.963
1 2 2 6049203239 4.550518e+21 1.37804 1551.974
1 2 3 7.746939e+19 3.421874e+21 1.54154 2304.093
1 2 3 7.746939e+19 3.421874e+21 1.54154 2315.917
1 2 4 2.004038e+20 3.698614e+21 1.402122 2387.699
1 2 4 2.004038e+20 3.698614e+21 1.402122 2343.343
1 2 5 1.818338e+18 3.487913e+21 1.36828 2380.394
1 2 5 1.818338e+18 3.487913e+21 1.36828 2423.826
1 2 6 2.696998e+20 5.077993e+21 1.688832 2230.142
1 2 6 2.696998e+20 5.077993e+21 1.688832 2453.39
1 2 7 5.628623e+20 6.936965e+21 1.319136 1259.921
1 2 7 5.628623e+20 6.936965e+21 1.319136 2308.906
1 2 8 4.848353e+18 1.928175e+21 1.083419 2457.779
1 2 8 4.848353e+18 1.928175e+21 1.083419 1574.862
1 2 9 7.126685e+17 2.908277e+21 1.295039 1244.584
1 2 9 7.126685e+17 2.908277e+21 1.295039 2327.943
1 2 10 5.093419e+21 4.182003e+21 1.430878 2520.703
1 2 10 5.093419e+21 4.182003e+21 1.430878 1980.969
1 2 11 1.707605e+19 3.137798e+21 1.448295 1238.322
1 2 11 1.707605e+19 3.137798e+21 1.448295 2345.824
1 2 12 5.505868e+17 3.864934e+21 1.452367 2387.122
1 2 12 5.505868e+17 3.864934e+21 1.452367 2359.25
1 2 13 4.151544e+19 4.853269e+21 1.265144 1238.081
1 2 13 4.151544e+19 4.853269e+21 1.265144 2386.248
1 2 14 6.859e+19 2.542674e+21 2.088152 1786.767
1 2 14 6.859e+19 2.542674e+21 2.088152 2464.218
1 2 15 4.162623e+18 4.453733e+21 1.261665 2004.414
1 2 15 4.162623e+18 4.453733e+21 1.261665 2319.249
1 2 16 1.222399e+16 3.795359e+21 1.224733 2010.691
1 2 16 1.222399e+16 3.795359e+21 1.224733 2326.234
1 2 17 1.847163e+19 1.746701e+21 1.626497 1244.85
1 2 17 1.847163e+19 1.746701e+21 1.626497 1469.493
1 2 18 3.832128e+18 3.466606e+21 1.523561 1911.307
1 2 18 3.832128e+18 3.466606e+21 1.523561 2341.954
1 2 19 1.283248e+20 2.636988e+21 1.011546 2382.856
1 2 19 1.283248e+20 2.636988e+21 1.011546 2385.631
1 2 20 2.280973e+17 3.209435e+21 1.062116 2383.827
1 2 20 2.280973e+17 3.209435e+21 1.062116 2368.704
1 2 21 2.179648e+21 2.938628e+21 1.11102 2179.539
1 2 21 2.179648e+21 2.938628e+21 1.11102 2456.204
1 2 22 2.18613e+15 3.613041e+21 1.209097 1244.477
1 2 22 2.18613e+15 3.613041e+21 1.209097 2462.289
1 2 23 5.605591e+18 2.211301e+21 2.386411 2443.144
1 2 23 5.605591e+18 2.211301e+21 2.386411 2473.306
1 2 24 2.294074e+18 4.918192e+21 1.098064 1270.393
1 2 24 2.294074e+18 4.918192e+21 1.098064 2430.052
1 2 25 5.857917e+18 4.056554e+21 1.165349 2361.804
1 2 25 5.857917e+18 4.056554e+21 1.165349 1779.412
1 2 26 1.714149e+19 2.957774e+21 1.424564 2379.961
1 2 26 1.714149e+19 2.957774e+21 1.424564 2307.885
1 2 27 4.718896e+16 4.372154e+21 1.159715 2375.413
1 2 27 4.718896e+16 4.372154e+21 1.159715 2405.05
1 2 28 1.197627e+20 3.921558e+21 1.936327 2476.872
1 2 28 1.197627e+20 3.921558e+21 1.936327 2294.435
1 2 29 1.44982e+16 2.229452e+21 1.037479 2367.765
1 2 29 1.44982e+16 2.229452e+21 1.037479 2469.697
1 2 30 2.479266e+20 7.789688e+21 1.251618 1253.65
1 2 30 2.479266e+20 7.789688e+21 1.251618 2463.717
1 2 31 7.126925e+14 5.858023e+21 1.520168 1240.072
1 2 31 7.126925e+14 5.858023e+21 1.520168 2317.906
1 2 32 1.616993e+21 6.597359e+20 1.418922 2385.514
1 2 32 1.616993e+21 6.597359e+20 1.418922 2479.072
1 2 33 3.280847e+21 3.007249e+21 1.242255 2382.228
1 2 33 3.280847e+21 3.007249e+21 1.242255 2257.421
1 2 34 1.113775e+18 4.524053e+21 1.351552 2371.672
1 2 34 1.113775e+18 4.524053e+21 1.351552 2404.917
1 2 35 1.778949e+20 7.214595e+21 1.362626 2373.6
1 2 35 1.778949e+20 7.214595e+21 1.362626 1459.306
1 2 36 1.245519e+17 5.764514e+21 1.275828 2410.974
1 2 36 1.245519e+17 5.764514e+21 1.275828 2464.108
1 2 37 7.965815e+18 2.753423e+22 1.122969 2479.897
1 2 37 7.965815e+18 2.753423e+22 1.122969 1831.133
1 2 38 1.194715e+19 3.719227e+21 1.481738 1904.574
1 2 38 1.194715e+19 3.719227e+21 1.481738 1249.474
1 2 39 3.708033e+18 3.927378e+21 1.304352 1260.102
1 2 39 3.708033e+18 3.927378e+21 1.304352 1746.603
1 2 40 2.906729e+20 4.441659e+21 1.365094 1276.998
1 2 40 2.906729e+20 4.441659e+21 1.365094 1757.196
1 2 41 5.381599e+19 2.215204e+21 1.345732 1238.747
1 2 41 5.381599e+19 2.215204e+21 1.345732 1722.038
1 2 42 7.046964e+19 7.471672e+21 1.373735 2390.209
1 2 42 7.046964e+19 7.471672e+21 1.373735 2359.359
1 2 43 4.049984e+19 1.824972e+22 1.332499 1238.132
1 2 43 4.049984e+19 1.824972e+22 1.332499 2368.16
1 2 44 5.687977e+20 4.001577e+21 1.105755 2311.947
1 2 44 5.687977e+20 4.001577e+21 1.105755 2580.878
1 2 45 1.482459e+20 2.0814e+21 1.126775 2371.28
1 2 45 1.482459e+20 2.0814e+21 1.126775 2035.977
1 2 46 2.062658e+19 2.874927e+21 1.311509 1504.174
1 2 46 2.062658e+19 2.874927e+21 1.311509 1522.511
1 2 47 5.060449e+19 1.015383e+22 1.090849 1238.536
1 2 47 5.060449e+19 1.015383e+22 1.090849 1477.188
1 2 48 2.738722e+20 7.669228e+21 1.028755 2469.055
1 2 48 2.738722e+20 7.669228e+21 1.028755 1577.913
1 2 49 1.084207e+20 5.78693e+21 1.122658 2383.562
1 2 49 1.084207e+20 5.78693e+21 1.122658 1579.113
1 3 0 0.9022588 0.9470771 0.9343777 7036.676
1 3 0 0.9022695 0.9469764 0.9344647 7007.257
1 3 1 0.9039182 0.9900237 0.9232663 7029.962
1 3 1 0.9038796 0.9900131 0.9230038 6843.534
1 3 2 0.9099004 0.9872923 0.9482994 7234.914
1 3 2 0.9099735 0.9875276 0.9483703 7583.825
1 3 3 0.8942443 0.9832736 0.9884971 6576.504
1 3 3 0.8942952 0.9833979 0.9885324 7834.245
1 3 4 0.8862194 0.9616025 0.9036957 7879.533
1 3 4 0.8862232 0.9616206 0.903686 6440.419
1 3 5 0.9060524 0.9518826 0.8475239 7955.303
1 3 5 0.9060327 0.9518786 0.847434 6608.702
1 3 6 0.8977332 0.9491087 0.9249371 7168.741
1 3 6 0.8977257 0.9491758 0.9249571 7054.676
1 3 7 0.9100189 0.9441873 0.8468009 6462.387
1 3 7 0.9100176 0.944209 0.8468546 6858.633
1 3 8 0.8939642 0.9395126 0.8554253 7436.271
1 3 8 0.8939577 0.9397486 0.8556321 6100.552
1 3 9 0.9010764 0.9993346 0.9577314 6299.49
1 3 9 0.900987 0.9992531 0.9575255 6269
1 3 10 0.8994158 0.9709947 1.008164 7056.712
1 3 10 0.8994813 0.9710956 1.009408 7714.55
1 3 11 0.9102964 0.9547496 0.8850719 6545.841
1 3 11 0.9103373 0.9548607 0.8850908 7604.445
1 3 12 0.9069178 0.9539366 0.9680594 8184.733
1 3 12 0.9069699 0.9538739 0.9678803 6451.714
1 3 13 0.9132459 0.9946282 0.9343351 8103.718
1 3 13 0.9132485 0.994694 0.9338367 6357.624
1 3 14 0.909715 0.9910536 0.9675144 6350.99
1 3 14 0.9097176 0.9910553 0.96755 6345.47
1 3 15 0.9063578 0.9774248 0.8899345 7232.081
1 3 15 0.9063447 0.9771119 0.8898757 6167.575
1 3 16 0.8995822 0.9730725 0.9407111 6979.182
1 3 16 0.8995449 0.9730744 0.9406308 6626.659
1 3 17 0.9068173 0.9803258 0.9659216 7139.767
1 3 17 0.9067976 0.9802729 0.9659216 8005.759
1 3 18 0.8997535 0.9879445 0.9193412 7230.593
1 3 18 0.8997181 0.9879372 0.9186919 6594.945
1 3 19 0.9141252 0.9964924 0.9179226 6992.816
1 3 19 0.9140573 0.9964587 0.9178782 7129.554
1 3 20 0.8977565 0.9965689 0.8570247 7766.756
1 3 20 0.8977857 0.9968355 0.8570081 7295.016
1 3 21 0.9035907 0.9752296 0.8397084 8124.427
1 3 21 0.9035973 0.9749609 0.8396842 7181.281
1 3 22 0.9020069 0.9419937 0.863916 7061.123
1 3 22 0.9019892 0.9423266 0.863861 7429.102
1 3 23 0.8925133 0.994558 1.128475 6963.949
1 3 23 0.8924754 0.9945523 1.1285 7048.115
1 3 24 0.9037586 0.9756625 0.9037337 6378.623
1 3 24 0.903842 0.9757103 0.9038256 6244.559
1 3 25 0.9001025 0.9626523 0.9301142 6105.079
1 3 25 0.9000746 0.9626771 0.9302194 6635.274
1 3 26 0.9090934 0.9598314 0.9519599 7536.495
1 3 26 0.9090915 0.9598012 0.9521136 6270.013
1 3 27 0.9073528 0.9774619 0.8887036 7071.579
1 3 27 0.9075006 0.977529 0.8889962 6873.888
1 3 28 0.9131371 0.9850076 0.9843171 7968.562
1 3 28 0.9131586 0.9850996 0.9842901 6348.759
1 3 29 0.8948208 1.001999 0.8617338 7757.532
1 3 29 0.8948562 1.001981 0.8608557 5795.105
1 3 30 0.9189168 0.9383036 0.9409163 7273.77
1 3 30 0.9189189 0.9379549 0.940951 7493.938
1 3 31 0.9036118 0.9708665 0.9197194 7196.939
1 3 31 0.9036566 0.9708064 0.919935 5977.74
1 3 32 0.8988105 0.9830906 0.8946627 7582.308
1 3 32 0.8989347 0.9837513 0.8949777 7786.637
1 3 33 0.8929018 0.9791739 0.9005972 6523.711
1 3 33 0.8928365 0.9789347 0.9006319 7415.874
1 3 34 0.9060472 0.9714943 0.866426 7011.094
1 3 34 0.9060524 0.9715629 0.8665525 7752.243
1 3 35 0.906578 0.9961951 0.9247175 6609.905
1 3 35 0.9065305 0.9960733 0.924655 7287.903
1 3 36 0.9142422 0.9399486 0.8868065 7819.332
1 3 36 0.9142056 0.9396372 0.8866327 7175.965
1 3 37 0.9056471 0.9657775 0.8793484 7653.345
1 3 37 0.9056731 0.9656467 0.8794179 7469.894
1 3 38 0.9121123 0.9869967 0.9930969 7208.377
1 3 38 0.9120816 0.9869907 0.9931115 6721.035
1 3 39 0.908104 0.9923459 0.911381 6379.806
1 3 39 0.9080851 0.9918627 0.9112325 6526.222
1 3 40 0.9109103 0.972193 1.007876 7310.217
1 3 40 0.910847 0.9721948 1.00779 6168.909
1 3 41 0.9021311 0.9667112 0.920476 7150.607
1 3 41 0.9020743 0.9666309 0.920625 6883.476
1 3 42 0.9009412 0.9817922 0.9401295 7080.286
1 3 42 0.9008659 0.980993 0.9400513 7000.405
1 3 43 0.8948332 0.9475954 0.789957 7945.812
1 3 43 0.8948486 0.9475089 0.7904095 7462.908
1 3 44 0.8979793 0.9775082 0.9091731 7818.058
1 3 44 0.8980037 0.9776431 0.9091386 7059.335
1 3 45 0.8826667 0.9774095 0.9069345 7424.313
1 3 45 0.8826737 0.9773789 0.9067529 7129.713
1 3 46 0.8973141 0.9963327 0.9603275 6843.2
1 3 46 0.8972636 0.9963003 0.9601352 6751.056
1 3 47 0.9054781 0.9892557 0.8516452 6113.124
1 3 47 0.9054274 0.9889687 0.8517534 6842.379
1 3 48 0.900124 0.9890349 0.8251885 6959.078
1 3 48 0.9000427 0.9887949 0.8251545 6889.05
1 3 49 0.8955112 0.9851453 0.9559204 6520.188
1 3 49 0.8955188 0.9852323 0.9559666 7000.068
1 4 0 1.395112 1.432116 1.438978 1.045
1 4 0 1.395112 1.432116 1.438978 1.043
1 4 1 1.436694 1.193387 1.456865 1.036
1 4 1 1.436694 1.193387 1.456865 2.116
1 4 2 1.420218 1.414829 1.47668 2.205
1 4 2 1.420218 1.414829 1.47668 2.136
1 4 3 1.395891 1.230501 1.409714 2.115
1 4 3 1.395891 1.230501 1.409714 1.05
1 4 4 1.401959 1.314122 1.376483 1.044
1 4 4 1.401959 1.314122 1.376483 2.149
1 4 5 1.393692 1.338214 1.513913 1.057
1 4 5 1.393692 1.338214 1.513913 1.069
1 4 6 1.371943 1.341075 1.359916 1.051
1 4 6 1.371943 1.341075 1.359916 2.126
1 4 7 1.389518 1.48579 1.457868 1.055
1 4 7 1.389518 1.48579 1.457868 1.05
1 4 8 1.399319 1.424013 1.493469 2.129
1 4 8 1.399319 1.424013 1.493469 2.142
1 4 9 1.413987 1.169038 1.398022 1.051
1 4 9 1.413987 1.169038 1.398022 2.109
1 4 10 1.408182 1.27399 1.389594 1.044
1 4 10 1.408182 1.27399 1.389594 1.056
1 4 11 1.37964 1.456778 1.370838 1.052
1 4 11 1.37964 1.456778 1.370838 1.056
1 4 12 1.439554 1.416164 1.472106 1.055
1 4 12 1.439554 1.416164 1.472106 1.052
1 4 13 1.368798 1.347404 1.341194 1.05
1 4 13 1.368798 1.347404 1.341194 2.145
1 4 14 1.401402 1.166218 1.507061 1.111
1 4 14 1.401402 1.166218 1.507061 1.054
1 4 15 1.409965 1.435783 1.341179 1.057
1 4 15 1.409965 1.435783 1.341179 1.058
1 4 16 1.418516 1.388258 1.571584 1.057
1 4 16 1.418516 1.388258 1.571584 2.139
1 4 17 1.457049 1.431221 1.445248 1.047
1 4 17 1.457049 1.431221 1.445248 1.052
1 4 18 1.427553 1.09914 1.468288 1.049
1 4 18 1.427553 1.09914 1.468288 1.05
1 4 19 1.407525 1.132276 1.438575 1.054
1 4 19 1.407525 1.132276 1.438575 1.051
1 4 20 1.412087 1.30688 1.338386 2.132
1 4 20 1.412087 1.30688 1.338386 1.049
1 4 21 1.421315 1.277595 1.515923 1.055
1 4 21 1.421315 1.277595 1.515923 1.055
1 4 22 1.403753 1.459338 1.404454 1.047
1 4 22 1.403753 1.459338 1.404454 1.058
1 4 23 1.383304 1.081125 1.568793 1.055
1 4 23 1.383304 1.081125 1.568793 2.21
1 4 24 1.437904 1.294022 1.390839 1.05
1 4 24 1.437904 1.294022 1.390839 1.058
1 4 25 1.453836 1.449379 1.35935 1.059
1 4 25 1.453836 1.449379 1.35935 1.057
1 4 26 1.387434 1.329222 1.520036 1.057
1 4 26 1.387434 1.329222 1.520036 1.053
1 4 27 1.448429 1.179533 1.462737 1.054
1 4 27 1.448429 1.179533 1.462737 1.05
1 4 28 1.41492 1.256753 1.518474 1.06
1 4 28 1.41492 1.256753 1.518474 1.058
1 4 29 1.373114 1.153692 1.483934 1.043
1 4 29 1.373114 1.153692 1.483934 2.114
1 4 30 1.40315 1.457606 1.303712 1.055
1 4 30 1.40315 1.457606 1.303712 1.055
1 4 31 1.418048 1.456581 1.404021 2.129
1 4 31 1.418048 1.456581 1.404021 2.128
1 4 32 1.415898 1.434366 1.39039 2.132
1 4 32 1.415898 1.434366 1.39039 1.054
1 4 33 1.406152 1.259266 1.4114 1.05
1 4 33 1.406152 1.259266 1.4114 1.057
1 4 34 1.392425 1.374933 1.372287 1.054
1 4 34 1.392425 1.374933 1.372287 1.053
1 4 35 1.379256 1.373961 1.391539 1.054
1 4 35 1.379256 1.373961 1.391539 2.166
1 4 36 1.407706 1.418504 1.372992 1.059
1 4 36 1.407706 1.418504 1.372992 1.071
1 4 37 1.448295 1.345897 1.583003 1.056
1 4 37 1.448295 1.345897 1.583003 1.05
1 4 38 1.430329 1.401294 1.436035 1.059
1 4 38 1.430329 1.401294 1.436035 1.059
1 4 39 1.407172 1.464718 1.453115 1.053
1 4 39 1.407172 1.464718 1.453115 1.054
1 4 40 1.399222 1.208349 1.488214 1.045
1 4 40 1.399222 1.208349 1.488214 1.05
1 4 41 1.424814 1.256676 1.447234 1.054
1 4 41 1.424814 1.256676 1.447234 1.065
1 4 42 1.42704 1.495735 1.392905 1.051
1 4 42 1.42704 1.495735 1.392905 2.177
1 4 43 1.403719 1.398221 1.601398 1.053
1 4 43 1.403719 1.398221 1.601398 1.059
1 4 44 1.444675 1.215328 1.387058 1.05
1 4 44 1.444675 1.215328 1.387058 1.055
1 4 45 1.434503 1.327367 1.50215 1.048
1 4 45 1.434503 1.327367 1.50215 1.05
1 4 46 1.41465 1.147861 1.53715 2.209
1 4 46 1.41465 1.147861 1.53715 1.074
1 4 47 1.387135 1.288914 1.549078 1.056
1 4 47 1.387135 1.288914 1.549078 1.057
1 4 48 1.418687 1.352311 1.398389 2.216
1 4 48 1.418687 1.352311 1.398389 1.055
1 4 49 1.420819 1.405395 1.385938 1.051
1 4 49 1.420819 1.405395 1.385938 2.216
2 1 0 1.026633 1.094333 1.342037 3.616
2 1 1 1.065094 1.123688 1.823549 3.364
2 1 2 1.028823 1.022069 3.31478 3.45
2 1 3 1.026911 1.064783 1.747698 3.368
2 1 4 1.033674 1.063756 1.075972 3.626
2 1 5 1.010839 1.038967 1.563874 3.468
2 1 6 1.028296 1.075618 1.01884 3.498
2 1 7 1.039952 1.063914 2.686799 3.766
2 1 8 1.012528 1.077971 1.893222 3.502
2 1 9 1.034648 1.244578 2.454786 3.693
2 1 10 1.049842 1.176674 1.267645 3.928
2 1 11 1.050137 1.120757 3.821908 3.743
2 1 12 1.020948 1.06248 1.209003 3.148
2 1 13 1.028738 1.071079 1.031984 3.935
2 1 14 1.044857 1.085119 1.627287 3.492
2 1 15 1.027017 1.029553 2.472255 3.835
2 1 16 1.018191 1.270809 1.292273 3.773
2 1 17 1.032852 1.075588 1.19165 3.51
2 1 18 1.037677 1.071702 1.005407 3.662
2 1 19 1.062653 1.051553 1.047967 3.452
2 1 20 1.042732 1.148831 2.026679 3.727
2 1 21 1.036925 1.117093 1.054741 3.563
2 1 22 1.026558 1.250257 2.057794 3.785
2 1 23 1.021219 1.072093 1.222555 3.55
2 1 24 1.027959 1.054322 1.008097 3.738
2 1 25 1.101218 1.08392 1.015635 3.72
2 1 26 1.015965 1.058722 1.283491 3.382
2 1 27 1.03637 1.088859 1.298108 3.285
2 1 28 1.027715 1.142336 1.098021 4.07
2 1 29 1.033484 1.037839 1.131887 3.573
2 1 30 1.046845 1.048949 1.194784 3.59
2 1 31 1.081815 1.132454 2.42381 3.527
2 1 32 1.04828 1.060038 1.024036 3.478
2 1 33 1.031484 1.041991 1.514976 3.66
2 1 34 1.047772 1.04694 1.630881 3.337
2 1 35 1.023785 1.057578 2.44454 3.5
2 1 36 1.045162 1.050981 1.746177 3.221
2 1 37 1.059723 1.057521 0 2.499
2 1 38 1.039999 1.074302 2.564336 3.667
2 1 39 1.053508 1.032789 1.864367 3.586
2 1 40 1.031703 1.054477 2.379791 3.499
2 1 41 1.048402 1.088275 1.444816 3.553
2 1 42 1.027366 1.104122 1.037477 3.415
2 1 43 1.039243 1.054094 2.264318 3.434
2 1 44 1.041735 1.06342 2.046266 3.815
2 1 45 1.03617 1.019473 1.311518 4.176
2 1 46 1.051093 1.06124 1.168728 3.535
2 1 47 1.016012 1.140301 1.105087 3.502
2 1 48 1.078101 1.072031 1.045246 3.426
2 1 49 1.052321 1.05606 1.804039 3.543
2 2 0 1.916258e+23 1.013776e+15 1062928 1422.568
2 2 1 4.780999e+22 9.062654e+14 1.946661 1937.98
2 2 2 2.536886e+15 2.039974e+14 9094563 934.09
2 2 3 2.964718e+17 8.501903e+14 0.9806632 936.178
2 2 4 2.763248e+33 1.81735e+14 11137913 1567.482
2 2 5 2.615663e+27 7.097481e+14 4569.799 932.952
2 2 6 4.87321e+22 5.098958e+14 2235.395 1770.359
2 2 7 5.362277e+20 3.397366e+14 1.247007 1779.457
2 2 8 2.979249e+25 2.277983e+15 7204.367 932.086
2 2 9 6.299776e+19 1.98131e+15 2.21998 933.417
2 2 10 1.906855e+27 5.375778e+14 978899.9 935.316
2 2 11 4.087841e+16 5.696812e+14 626909.4 1781.533
2 2 12 1.04476e+25 1.098961e+15 20116.96 1000.646
2 2 13 1.102081e+17 9.997547e+13 5224.064 1576.389
2 2 14 9.107651e+15 3.56457e+14 8584.105 1762.023
2 2 15 1.51801e+20 3.404705e+14 22.97837 1742.755
2 2 16 1.090685e+18 2.401366e+14 2259.627 1217.383
2 2 17 6.793687e+29 8.571415e+13 1253024 1639.566
2 2 18 5.497976e+19 5.257628e+14 1856.675 935.748
2 2 19 1.599258e+30 3.009331e+14 8867254 931.677
2 2 20 1.521197e+24 3.487497e+14 118.7481 1759.727
2 2 21 4.560912e+23 4.227777e+14 22571.62 1768.687
2 2 22 2.299687e+22 1.288038e+14 161083786 1546.427
2 2 23 1.680936e+20 2.455736e+14 41871.76 1218.316
2 2 24 1.583341e+25 3.645936e+14 12698990 1744.179
2 2 25 1.516704e+20 4.879978e+19 1.117149 1777.333
2 2 26 1.240211e+23 8.630322e+14 27031.14 1220.804
2 2 27 3.383025e+20 5.43419e+13 4554.057 1211.331
2 2 28 1.23685e+20 6.234635e+14 1.346918 1567.329
2 2 29 3.690002e+26 1.844535e+14 21.97824 1767.77
2 2 30 2.907343e+20 1.549265e+14 4872.008 1515.297
2 2 31 5.742282e+17 2.149714e+14 42427049 1526.485
2 2 32 1.822951e+18 2.824847e+14 1.000432 945.841
2 2 33 4.744675e+15 5.801332e+14 2839.24 1773.747
2 2 34 8.690749e+16 6.170682e+14 416.9893 929.093
2 2 35 9.379986e+22 1.619262e+15 2797.391 1577.743
2 2 36 4.62231e+23 7.082091e+13 2460.984 1537.529
2 2 37 3.694964e+22 1.834042e+14 0 766.921
2 2 38 8.368895e+24 2.625323e+14 2316206 1525.07
2 2 39 2.646914e+17 1.727506e+15 4352.365 1517.308
2 2 40 1.781692e+23 9.695537e+13 2722649 1760.047
2 2 41 1.047106e+16 2.438357e+14 1.250089 1860.251
2 2 42 3.425816e+19 2.204905e+14 1.071158 1581.484
2 2 43 4.36855e+23 3.21661e+14 1.02707 1678.416
2 2 44 4.107104e+17 3.105027e+15 670.9862 1583.966
2 2 45 1.286798e+20 1.948921e+14 1.751645 964.883
2 2 46 6.80959e+18 1.527095e+15 3821.162 1499.535
2 2 47 7.747598e+20 1.658851e+14 3389537 1560.447
2 2 48 1.579104e+27 3.802458e+14 465329.8 1768.59
2 2 49 1.643288e+18 6.791999e+14 1.462124 1767.837
2 3 0 0.8979271 0.9848135 0.9788455 740.282
2 3 1 0.8818637 1.030665 0.8872916 1080.137
2 3 2 0.8860828 0.9591657 0.9560474 975.318
2 3 3 0.9020814 0.9731442 0.9676386 1088.265
2 3 4 0.9120263 0.9797704 0.9533904 1264.69
2 3 5 0.8782017 0.9449773 0.9122325 921.96
2 3 6 0.8525192 0.9729167 0.9344081 1103.256
2 3 7 0.8904898 0.8336605 0.9461711 979.952
2 3 8 0.9235801 0.9649815 0.9670178 1140.209
2 3 9 0.9020339 1.022448 0.9089984 1139.406
2 3 10 0.8942937 0.8821924 0.829156 918.261
2 3 11 0.9036046 0.9687515 0.9499703 1199.59
2 3 12 0.9116567 0.9735093 0.9367272 1009.198
2 3 13 0.8653937 0.9876008 0.9856667 1102.619
2 3 14 0.8631124 0.9446794 0.9726157 1143.673
2 3 15 0.9047355 0.9764024 0.9375722 1211.601
2 3 16 0.908873 1.002755 1.025059 776.713
2 3 17 0.9071405 0.9609375 0.9907894 962.256
2 3 18 0.8933565 0.9573587 0.9162904 1062.537
2 3 19 0.8732972 0.9343471 0.9545081 1186.421
2 3 20 0.8861351 0.9844317 0.978842 1210.733
2 3 21 0.8984328 0.9823774 0.8920679 1108.013
2 3 22 0.8969565 0.9659262 1.010009 652.682
2 3 23 0.8832763 0.9343096 0.9540941 893.064
2 3 24 0.8918495 0.9793413 0.9305397 1033.029
2 3 25 0.8840224 0.9435362 0.9450537 768.077
2 3 26 0.8707168 0.9882679 0.862202 1059.063
2 3 27 0.8886376 0.9788363 0.9196973 919.597
2 3 28 0.8934928 0.9739418 0.9647357 684.559
2 3 29 0.8926426 0.8957759 0.9045976 1025.965
2 3 30 0.9068573 0.9626574 0.9226598 1141.551
2 3 31 0.885102 0.9781965 0.9414997 1133.694
2 3 32 0.8913831 0.9708082 0.9522251 1027.474
2 3 33 0.8861639 0.9166952 0.9257197 1077.093
2 3 34 0.8991938 0.9714798 0.9652455 641.064
2 3 35 0.8860225 0.9778587 0.9485808 653.379
2 3 36 0.8839585 0.9661697 0.9794046 647.557
2 3 37 0.8908126 0.9622895 0 589.23
2 3 38 0.9238919 0.99115 0.9364146 616.252
2 3 39 0.9031422 0.9735787 0.9705276 953.336
2 3 40 0.8898542 0.9761095 0.9337228 1125.401
2 3 41 0.8995054 0.9627009 0.9440493 1093.475
2 3 42 0.8816676 0.8691087 0.9368741 983.339
2 3 43 0.881351 0.9727363 0.9235025 1114.171
2 3 44 0.8928124 0.9633965 0.8298252 1102.203
2 3 45 0.8873891 0.9629685 0.9708097 923.492
2 3 46 0.8908506 0.8736473 0.8661398 1060.33
2 3 47 0.8832711 1.008855 0.9779949 1116.812
2 3 48 0.8865169 0.9140845 0.9122675 1194.17
2 3 49 0.8947965 0.9272896 0.8698494 1009.137
2 4 0 1.380489 1.555058 1.190647 0.514
2 4 1 1.421975 1.538532 1.283687 0.51
2 4 2 1.371898 1.122271 1.606031 0.513
2 4 3 1.395685 1.483652 1.320229 0.512
2 4 4 1.317186 1.310392 1.275672 0.516
2 4 5 1.346401 1.285782 1.341243 0.516
2 4 6 1.420031 1.520728 1.70689 0.514
2 4 7 1.389484 1.362577 1.594996 0.515
2 4 8 1.273843 1.419714 1.719238 0.521
2 4 9 1.358427 1.452918 1.413404 0.514
2 4 10 1.394932 1.349922 1.185976 0.513
2 4 11 1.48202 1.522536 1.547582 0.517
2 4 12 1.336801 1.433826 1.487397 0.52
2 4 13 1.356424 1.412456 1.613231 0.517
2 4 14 1.377895 1.198202 1.471059 0.515
2 4 15 1.42442 1.280637 1.52404 0.516
2 4 16 1.403018 1.425313 1.289422 0.514
2 4 17 1.293983 1.424393 1.640856 0.513
2 4 18 1.39258 1.481269 1.414262 0.511
2 4 19 1.350845 1.426354 1.617203 1.02
2 4 20 1.334724 1.546849 1.338234 0.516
2 4 21 1.343883 1.334666 1.583736 0.514
2 4 22 1.389778 1.414838 1.159803 0.509
2 4 23 1.379707 1.476953 1.216677 1.028
2 4 24 1.355387 1.244147 1.668299 0.507
2 4 25 1.365401 1.425999 1.541803 0.517
2 4 26 1.423574 1.480702 1.314732 0.507
2 4 27 1.35662 1.3604 1.451734 0.511
2 4 28 1.414717 1.259125 1.697278 0.507
2 4 29 1.406021 1.464408 1.428487 0.521
2 4 30 1.454329 1.39742 1.453698 0.508
2 4 31 1.388275 1.439117 1.636317 0.51
2 4 32 1.367449 1.178021 1.600443 0.503
2 4 33 1.369111 1.417529 1.408632 0.517
2 4 34 1.458667 1.400129 1.441141 0.524
2 4 35 1.395032 1.411471 1.640663 0.516
2 4 36 1.420051 1.372511 1.502068 0.511
2 4 37 1.423041 1.411306 0 0.511
2 4 38 1.307868 1.244993 1.592124 0.509
2 4 39 1.423257 1.269288 1.543328 0.516
2 4 40 1.356246 1.279419 1.672611 0.509
2 4 41 1.38928 1.470497 1.410337 0.524
2 4 42 1.393734 1.417371 1.604961 0.51
2 4 43 1.438279 1.394818 1.420411 1.023
2 4 44 1.379579 1.28727 1.464008 0.989
2 4 45 1.434464 1.104847 1.679592 0.506
2 4 46 1.452724 1.312052 1.414326 0.517
2 4 47 1.382477 1.258203 1.630085 0.519
2 4 48 1.332636 1.371688 1.70168 0.523
2 4 49 1.432598 1.452977 1.374266 0.519
3 1 0 1.023724 1.040102 1.00769 3.228
3 1 1 1.030695 1.153392 1.12317 3.473
3 1 2 1.045032 1.130797 1.009467 3.462
3 1 3 1.049479 1.322358 2.211712 3.205
3 1 4 1.049942 1.224207 1.471407 3.3
3 1 5 1.051408 1.147384 1.135564 3.174
3 1 6 1.030122 1.014877 1.455317 3.442
3 1 7 1.04824 1.103637 1.071989 5.742
3 1 8 1.068434 1.08953 1.157901 3.373
3 1 9 1.049791 1.208762 1.129487 3.262
3 1 10 1.042376 1.088658 1.032022 3.624
3 1 11 1.050353 1.206576 2.140037 3.273
3 1 12 1.01969 1.056465 1.372272 3.332
3 1 13 1.036551 1.236698 2.324126 5.491
3 1 14 1.023246 1.102896 1.175205 3.282
3 1 15 1.060605 1.08365 1.032655 3.199
3 1 16 1.0187 1.216201 1.088585 3.369
3 1 17 1.055655 1.187648 1.168989 7.143
3 1 18 1.012999 1.04056 2.539734 3.251
3 1 19 1.030872 1.126557 1.18613 3.923
3 1 20 1.011833 1.104558 1.056437 3.123
3 1 21 1.035304 1.00178 1.724921 3.357
3 1 22 1.080977 1.178408 1.396943 3.525
3 1 23 1.035859 1.038305 1.939298 3.598
3 1 24 1.0101 1.235528 1.203519 3.213
3 1 25 1.032274 1.157321 1.719944 3.55
3 1 26 1.023037 1.164715 1.842726 3.609
3 1 27 1.031095 0.9998564 1.72478 3.371
3 1 28 1.048516 1.145552 1.238857 3.346
3 1 29 1.017933 1.121102 1.062841 6.088
3 1 30 1.016952 1.110082 2.105852 3.333
3 1 31 1.017732 1.120829 1.147113 3.304
3 1 32 1.036067 1.072187 1.709525 3.121
3 1 33 1.030828 1.087552 1.220422 3.221
3 1 34 1.037363 1.074236 2.219928 3.294
3 1 35 1.042911 1.065766 1.543506 3.382
3 1 36 1.030342 1.181083 1.659205 3.289
3 1 37 1.013614 1.238971 1.19556 3.393
3 1 38 1.056393 1.207139 1.61303 3.275
3 1 39 1.033978 1.315802 2.272555 3.384
3 1 40 1.039409 1.372382 1.212394 3.352
3 1 41 1.033344 1.118668 3.557742 3.838
3 1 42 1.05925 1.067274 2.067182 3.176
3 1 43 1.044442 1.15816 1.110515 3.553
3 1 44 1.037207 1.114971 1.646627 3.189
3 1 45 1.027129 1.138625 1.333321 3.084
3 1 46 1.075632 1.110058 1.039299 3.009
3 1 47 1.034986 1.188258 1.269747 3.424
3 1 48 1.052649 1.188916 1.6391 3.289
3 1 49 1.055872 1.097188 1.261214 3.625
3 2 0 1.565988e+26 5.034837e+19 276.0749 1753.531
3 2 1 7.37672e+25 4.751956e+19 41.12056 940.273
3 2 2 2.571599e+26 5.062909e+19 2.446303 1203.093
3 2 3 2.654089e+26 3.278349e+19 7.131983 940.675
3 2 4 2.390866e+28 1.060655e+20 45.07842 940.677
3 2 5 1.829276e+26 4.014928e+19 27.15722 928.066
3 2 6 5.55063e+27 1.071159e+19 11.64381 1922.767
3 2 7 2.928117e+26 5.540567e+19 7.842421 1663.719
3 2 8 1.252013e+27 6.851035e+19 96.10317 1440.608
3 2 9 5.891074e+27 1.173008e+19 87.59766 1049.261
3 2 10 9.945835e+25 8.713131e+19 2.511703 946.604
3 2 11 2.263066e+26 5.153886e+19 6.643374 1477.697
3 2 12 1.636508e+30 1.388598e+20 11.07328 1560.144
3 2 13 1.669593e+26 6.402649e+18 70.91823 1027.15
3 2 14 2.218681e+26 1.397913e+20 58.12662 1561.598
3 2 15 6.420721e+25 4.964242e+19 7.092449 1833.016
3 2 16 2.727759e+30 7.315892e+19 748.8198 1248.515
3 2 17 7.376484e+25 7.420644e+19 8.50481 1550.572
3 2 18 6.31665e+25 4.315069e+18 3982.651 1637.314
3 2 19 9.207217e+25 2.232833e+19 11.99542 1192.827
3 2 20 9.467336e+28 3.462716e+19 5.590759 1715.889
3 2 21 1.165352e+29 6.980299e+18 29.69853 1675.507
3 2 22 1.207221e+27 4.602225e+19 16.02158 1698.384
3 2 23 1.125961e+26 1.539803e+19 37381.05 1354.942
3 2 24 4.540018e+25 3.485741e+19 2.892949 1099.079
3 2 25 2.038666e+26 1.525931e+20 12.75481 1476.779
3 2 26 7.58639e+26 6.859451e+19 2.664716 1549.063
3 2 27 8.749459e+25 2.239415e+19 34.69023 927.711
3 2 28 6.458823e+25 7.169828e+19 11.26228 928.059
3 2 29 2.005218e+26 2.808706e+19 13.81475 1517.071
3 2 30 3.411703e+26 9.547797e+19 7.123007 1546.777
3 2 31 2.624523e+28 1.154156e+20 7.518003 1332.18
3 2 32 1.159651e+29 2.409112e+19 1.002546e+19 930.433
3 2 33 2.41719e+29 4.332933e+19 3.761168 1550.948
3 2 34 4.991657e+25 1.047921e+20 2.831668 1332.656
3 2 35 9.43176e+26 1.270128e+20 299.8148 1556.23
3 2 36 2.288465e+29 3.602888e+19 5.542921e+18 1555.827
3 2 37 3.671584e+26 2.282766e+19 3.729441 1381.067
3 2 38 5.357461e+25 8.318686e+19 24.35199 1784.483
3 2 39 1.470963e+26 4.034227e+19 4.94695 1711.4
3 2 40 1.500139e+26 3.953341e+19 4.409705 1472.635
3 2 41 2.337981e+27 1.298458e+20 27.95309 931.303
3 2 42 3.63059e+26 2.308927e+19 11.15028 942.56
3 2 43 5.742998e+25 1.463703e+19 12.17817 936.382
3 2 44 9.797353e+26 1.034095e+20 150.471 942.277
3 2 45 4.96154e+25 2.343953e+20 4.617526 1797.619
3 2 46 9.401832e+25 1.04344e+20 1.229186 1804.051
3 2 47 3.292512e+25 3.518507e+19 18.83058 1794.542
3 2 48 1.734126e+26 2.842143e+20 3.064683 927.996
3 2 49 1.390062e+26 1.39229e+20 17.56161 931.479
3 3 0 0.8328717 0.9209842 0.852734 437.798
3 3 1 0.8488668 0.96729 0.9773162 863.565
3 3 2 0.8428662 0.9778398 0.9303362 467.963
3 3 3 0.8626618 1.066465 0.9500636 830.84
3 3 4 0.8653408 0.9906707 0.9547278 791.376
3 3 5 0.8705352 0.9629949 0.9044596 614.235
3 3 6 0.8494665 0.9965869 0.9837724 654.673
3 3 7 0.8488088 0.9672563 0.8531421 726.19
3 3 8 0.8667379 0.9776779 0.807908 612.3
3 3 9 0.82834 1.057159 0.8585002 465.794
3 3 10 0.8681833 0.9214908 0.916756 768.558
3 3 11 0.8308664 0.9658593 0.8387747 668.913
3 3 12 0.8368236 0.9838751 0.8278097 447.873
3 3 13 0.8703421 0.9559856 0.9048862 683.036
3 3 14 0.8387851 0.9716581 0.9594589 592.227
3 3 15 0.8460034 0.964379 0.9050333 703.113
3 3 16 0.8229706 1.038185 0.9575838 774.633
3 3 17 0.8231117 1.065885 1.011397 648.574
3 3 18 0.8436605 0.9856638 0.8592713 555.045
3 3 19 0.8554295 0.9404192 0.9437513 883.177
3 3 20 0.8508441 0.9962199 0.9289954 544.056
3 3 21 0.8655872 0.9984874 0.8682371 925.596
3 3 22 0.8841777 0.9607478 0.9377109 576.792
3 3 23 0.8490224 0.9588279 0.9172806 915.546
3 3 24 0.851867 1.027088 0.9117783 525.351
3 3 25 0.8390707 0.9571458 0.9390677 666.32
3 3 26 0.8175972 0.9652935 0.9482613 537.778
3 3 27 0.8586876 0.9974475 1.072489 613.478
3 3 28 0.8301953 0.973392 0.9341385 660.265
3 3 29 0.8155394 0.9649499 0.8547448 864.5
3 3 30 0.8601684 1.004636 0.921721 773.882
3 3 31 0.8493717 0.9197422 0.8879718 533.146
3 3 32 0.8476694 0.9918527 0.7937876 541.617
3 3 33 0.8124149 0.9739777 0.9767256 684.36
3 3 34 0.8335148 0.9764883 0.8612351 925.879
3 3 35 0.8746048 0.8956508 0.9006626 905.223
3 3 36 0.8420711 0.9795685 0.9353881 884.023
3 3 37 0.842496 1.088719 0.9066785 774.901
3 3 38 0.8892843 1.028007 1.03535 901.553
3 3 39 0.8575246 0.9782781 0.8506808 828.706
3 3 40 0.8607233 0.9855684 0.8132428 792.71
3 3 41 0.8366074 0.9967157 0.8639737 860.738
3 3 42 0.8423776 0.987918 0.897168 459.156
3 3 43 0.8570253 1.026251 0.9373678 616.916
3 3 44 0.8669966 0.9598544 0.8690785 697.678
3 3 45 0.839909 0.9713678 0.8848984 531.259
3 3 46 0.9108931 0.9433685 0.890291 820.12
3 3 47 0.8323799 1.093419 0.9164151 721.554
3 3 48 0.8592843 1.049936 0.9598945 864.136
3 3 49 0.8483507 0.9508011 0.9241871 846.647
3 4 0 1.376436 1.527061 1.444463 0.501
3 4 1 1.403666 1.45069 1.439952 0.495
3 4 2 1.395618 1.487501 1.371839 0.501
3 4 3 1.38951 1.482335 1.432474 0.499
3 4 4 1.384739 1.57844 1.477303 0.505
3 4 5 1.456266 1.362696 1.408454 0.503
3 4 6 1.384633 1.019076 1.495728 0.503
3 4 7 1.391982 1.339112 1.328634 0.502
3 4 8 1.398471 1.397781 1.362373 0.499
3 4 9 1.380931 1.191127 1.374785 0.503
3 4 10 1.40102 1.503555 1.476112 0.498
3 4 11 1.448361 1.530709 1.318864 0.501
3 4 12 1.400688 1.325478 1.414663 0.523
3 4 13 1.448313 1.369961 1.389477 0.495
3 4 14 1.46528 1.400273 1.447486 0.5
3 4 15 1.43241 1.456296 1.42538 1
3 4 16 1.393999 1.5043 1.578963 0.504
3 4 17 1.423582 1.470554 1.443734 0.498
3 4 18 1.414866 1.271295 1.475681 0.497
3 4 19 1.443181 1.376396 1.411768 0.503
3 4 20 1.367393 1.300607 1.528867 0.506
3 4 21 1.388518 1.00591 1.300614 0.501
3 4 22 1.497164 1.573471 1.463464 1.003
3 4 23 1.364156 1.28366 1.462641 1.009
3 4 24 1.421213 1.354549 1.39096 0.505
3 4 25 1.446232 1.534226 1.407363 0.498
3 4 26 1.417265 1.519099 1.46471 0.501
3 4 27 1.407464 1.008553 1.635395 1.046
3 4 28 1.400828 1.648522 1.428653 0.506
3 4 29 1.396701 1.536136 1.365792 0.504
3 4 30 1.351605 1.574904 1.461151 0.499
3 4 31 1.516805 1.656478 1.398685 0.502
3 4 32 1.400265 1.067533 1.347613 0.502
3 4 33 1.410334 1.388844 1.324183 0.502
3 4 34 1.475259 1.474235 1.365128 0.509
3 4 35 1.459649 1.364317 1.352581 0.507
3 4 36 1.421809 1.530853 1.48118 0.501
3 4 37 1.388089 1.38853 1.365655 0.502
3 4 38 1.49258 1.407497 1.55086 0.506
3 4 39 1.407079 1.582147 1.397714 0.499
3 4 40 1.372904 1.468076 1.37057 0.506
3 4 41 1.396448 1.286501 1.348339 1.006
3 4 42 1.423124 1.189367 1.426862 1.004
3 4 43 1.414215 1.429169 1.408032 0.504
3 4 44 1.40985 1.572667 1.428474 0.508
3 4 45 1.405091 1.581838 1.336909 0.503
3 4 46 1.444819 1.362593 1.547525 0.5
3 4 47 1.389277 1.595772 1.343206 0.502
3 4 48 1.41469 1.560396 1.451346 0.505
3 4 49 1.478324 1.485954 1.425952 0.501
4 1 0 1.033122 1.117865 2.037558 5.396
4 1 0 1.033122 1.117865 2.037558 5.493
4 1 1 1.022679 1.144938 2.062638 5.356
4 1 1 1.022679 1.144938 2.062638 5.351
4 1 2 1.06715 1.151302 1.094096 5.446
4 1 2 1.06715 1.151302 1.094096 5.528
4 1 3 1.042678 1.092219 1.809414 5.278
4 1 3 1.042678 1.092219 1.809414 5.32
4 1 4 1.020289 1.142255 1.525473 5.378
4 1 4 1.020289 1.142255 1.525473 5.429
4 1 5 1.031418 1.06192 1.055949 5.278
4 1 5 1.031418 1.06192 1.055949 5.379
4 1 6 1.033394 1.213249 2.058337 5.341
4 1 6 1.033394 1.213249 2.058337 5.359
4 1 7 1.019031 1.217325 2.255837 5.361
4 1 7 1.019031 1.217325 2.255837 5.386
4 1 8 1.031306 1.113471 1.753683 5.379
4 1 8 1.031306 1.113471 1.753683 5.396
4 1 9 1.025467 1.330325 1.528787 5.265
4 1 9 1.025467 1.330325 1.528787 5.265
4 1 10 1.028861 1.081696 2.039773 5.565
4 1 10 1.028861 1.081696 2.039773 5.724
4 1 11 1.016143 1.188587 2.003693 5.55
4 1 11 1.016143 1.188587 2.003693 5.386
4 1 12 1.037594 1.144663 1.577188 5.559
4 1 12 1.037594 1.144663 1.577188 5.462
4 1 13 1.025088 1.12107 2.297913 5.504
4 1 13 1.025088 1.12107 2.297913 5.54
4 1 14 1.058028 1.119656 1.424584 5.523
4 1 14 1.058028 1.119656 1.424584 5.541
4 1 15 1.01922 1.28745 1.630141 5.387
4 1 15 1.01922 1.28745 1.630141 5.285
4 1 16 1.057466 1.155616 1.625435 5.512
4 1 16 1.057466 1.155616 1.625435 9.39
4 1 17 1.038923 1.153189 2.5773 5.474
4 1 17 1.038923 1.153189 2.5773 5.553
4 1 18 1.02413 1.118238 1.11288 5.371
4 1 18 1.02413 1.118238 1.11288 5.457
4 1 19 1.018306 1.11999 1.186386 5.461
4 1 19 1.018306 1.11999 1.186386 5.484
4 1 20 1.027248 1.263386 1.160735 5.202
4 1 20 1.027248 1.263386 1.160735 5.525
4 1 21 1.023246 1.18535 1.89491 5.562
4 1 21 1.023246 1.18535 1.89491 5.481
4 1 22 1.045776 1.133358 1.477142 5.488
4 1 22 1.045776 1.133358 1.477142 5.395
4 1 23 1.040238 1.095179 1.347903 5.335
4 1 23 1.040238 1.095179 1.347903 5.371
4 1 24 1.058271 1.118857 2.008941 5.629
4 1 24 1.058271 1.118857 2.008941 5.479
4 1 25 1.02178 1.140366 1.175269 5.591
4 1 25 1.02178 1.140366 1.175269 5.521
4 1 26 1.031331 1.195288 2.129296 5.626
4 1 26 1.031331 1.195288 2.129296 5.34
4 1 27 1.003419 1.128179 1.710377 5.437
4 1 27 1.003419 1.128179 1.710377 5.463
4 1 28 1.049483 1.197698 1.126128 4.894
4 1 28 1.049483 1.197698 1.126128 4.963
4 1 29 1.03781 1.311568 1.265434 5.43
4 1 29 1.03781 1.311568 1.265434 5.366
4 1 30 1.016592 1.042893 1.686172 5.534
4 1 30 1.016592 1.042893 1.686172 5.648
4 1 31 1.023583 1.098368 1.107375 5.462
4 1 31 1.023583 1.098368 1.107375 5.423
4 1 32 1.038821 1.143616 1.582794 5.42
4 1 32 1.038821 1.143616 1.582794 5.352
4 1 33 1.028454 1.109322 2.358344 4.799
4 1 33 1.028454 1.109322 2.358344 4.817
4 1 34 1.029216 1.098562 1.751472 5.441
4 1 34 1.029216 1.098562 1.751472 5.539
4 1 35 1.0087 1.076328 1.68062 5.491
4 1 35 1.0087 1.076328 1.68062 5.409
4 1 36 1.024586 1.114343 1.546423 5.385
4 1 36 1.024586 1.114343 1.546423 5.443
4 1 37 1.013871 1.0854 1.458004 5.463
4 1 37 1.013871 1.0854 1.458004 5.445
4 1 38 1.036699 1.204564 2.148827 5.663
4 1 38 1.036699 1.204564 2.148827 5.571
4 1 39 1.065362 1.148396 1.2332 5.719
4 1 39 1.065362 1.148396 1.2332 5.696
4 1 40 1.041071 1.209542 1.526084 5.408
4 1 40 1.041071 1.209542 1.526084 5.455
4 1 41 1.018443 1.075143 1.694316 5.577
4 1 41 1.018443 1.075143 1.694316 5.484
4 1 42 1.021964 1.217537 1.202588 5.405
4 1 42 1.021964 1.217537 1.202588 11.081
4 1 43 1.042561 1.072362 2.644879 5.714
4 1 43 1.042561 1.072362 2.644879 5.836
4 1 44 1.03514 1.144383 1.861705 5.436
4 1 44 1.03514 1.144383 1.861705 5.372
4 1 45 1.0246 1.111205 2.348812 5.663
4 1 45 1.0246 1.111205 2.348812 9.947
4 1 46 1.057147 1.228088 1.148614 5.766
4 1 46 1.057147 1.228088 1.148614 9.19
4 1 47 1.096685 1.093185 1.098437 6.342
4 1 47 1.096685 1.093185 1.098437 6.233
4 1 48 1.022541 1.110028 1.852994 5.528
4 1 48 1.022541 1.110028 1.852994 9.297
4 1 49 1.036076 1.187477 1.808537 5.597
4 1 49 1.036076 1.187477 1.808537 5.597
4 2 0 9.225704e+17 2.500759e+22 1.791759 1081.002
4 2 0 9.225704e+17 2.500759e+22 1.791759 1510.848
4 2 1 1.463857e+16 2.399503e+22 1.590613 1053.106
4 2 1 1.463857e+16 2.399503e+22 1.590613 1087.319
4 2 2 1.134104e+17 1.185685e+22 1.378358 1077.966
4 2 2 1.134104e+17 1.185685e+22 1.378358 1950.289
4 2 3 1.441578e+17 8.780017e+21 1.428904 1050.306
4 2 3 1.441578e+17 8.780017e+21 1.428904 1936.977
4 2 4 1.756889e+14 3.141748e+22 4.126531 1051.026
4 2 4 1.756889e+14 3.141748e+22 4.126531 2018.273
4 2 5 8.543785e+13 6.057423e+21 1.501263 1703.64
4 2 5 8.543785e+13 6.057423e+21 1.501263 1055.344
4 2 6 3.176129e+14 2.285234e+22 32.05764 1050.439
4 2 6 3.176129e+14 2.285234e+22 32.05764 1828.667
4 2 7 8.908551e+13 3.151315e+22 2.128601 1051.582
4 2 7 8.908551e+13 3.151315e+22 2.128601 2031.806
4 2 8 1.138714e+15 1.911392e+22 1.861512 1717.318
4 2 8 1.138714e+15 1.911392e+22 1.861512 1862.548
4 2 9 1.348501e+15 1.126213e+22 1.757133 2081.102
4 2 9 1.348501e+15 1.126213e+22 1.757133 1769.484
4 2 10 2.620065e+15 1.51481e+22 2.588162 2057.716
4 2 10 2.620065e+15 1.51481e+22 2.588162 1061.814
4 2 11 1.521949e+17 2.795286e+22 1.553743 1320.315
4 2 11 1.521949e+17 2.795286e+22 1.553743 1064.592
4 2 12 9.738788e+14 4.147488e+22 1.58862 1055.329
4 2 12 9.738788e+14 4.147488e+22 1.58862 1934.263
4 2 13 3.440779e+15 4.989663e+22 1.503207 1055.188
4 2 13 3.440779e+15 4.989663e+22 1.503207 1110.838
4 2 14 1.995335e+16 8.805156e+21 107793.8 1333.905
4 2 14 1.995335e+16 8.805156e+21 107793.8 1877.772
4 2 15 3.419188e+14 1.131955e+22 19.54672 1805.613
4 2 15 3.419188e+14 1.131955e+22 19.54672 1069.146
4 2 16 3.467924e+14 1.354074e+22 1.931164 1071.608
4 2 16 3.467924e+14 1.354074e+22 1.931164 2198.552
4 2 17 7.956457e+16 1.56412e+22 1.946316 1141.326
4 2 17 7.956457e+16 1.56412e+22 1.946316 1075.932
4 2 18 3.473896e+14 1.767127e+22 1.439563 1671.911
4 2 18 3.473896e+14 1.767127e+22 1.439563 1563.53
4 2 19 1.269317e+16 1.668636e+22 1.99851 1145.48
4 2 19 1.269317e+16 1.668636e+22 1.99851 1125.109
4 2 20 1.034888e+17 1.163992e+22 2.545477 1049.83
4 2 20 1.034888e+17 1.163992e+22 2.545477 1989.268
4 2 21 5.455065e+15 4.667113e+22 2.594959 1051.53
4 2 21 5.455065e+15 4.667113e+22 2.594959 1052.584
4 2 22 7.598158e+15 1.149285e+22 18.8924 1695.646
4 2 22 7.598158e+15 1.149285e+22 18.8924 1613.664
4 2 23 2.267644e+17 1.951715e+22 766.8155 1160.693
4 2 23 2.267644e+17 1.951715e+22 766.8155 1126.552
4 2 24 1.398817e+16 3.788765e+22 7.79818 1145.02
4 2 24 1.398817e+16 3.788765e+22 7.79818 1954.554
4 2 25 4.29142e+17 3.224311e+22 1.848791 1129.725
4 2 25 4.29142e+17 3.224311e+22 1.848791 1606.357
4 2 26 5.366973e+16 5.00142e+22 3.030285 1068.161
4 2 26 5.366973e+16 5.00142e+22 3.030285 1968.898
4 2 27 4.361123e+14 2.706959e+22 1.57439 1694.989
4 2 27 4.361123e+14 2.706959e+22 1.57439 1410.069
4 2 28 2.634631e+17 1.198752e+22 1.60464 1052.724
4 2 28 2.634631e+17 1.198752e+22 1.60464 1752.938
4 2 29 4.370851e+14 1.466508e+22 2.133579 2103.242
4 2 29 4.370851e+14 1.466508e+22 2.133579 1732.18
4 2 30 1.765317e+17 3.628156e+22 1.797566 1880.992
4 2 30 1.765317e+17 3.628156e+22 1.797566 1727.414
4 2 31 3.937609e+13 1.801099e+22 1.273409 1446.098
4 2 31 3.937609e+13 1.801099e+22 1.273409 1176.505
4 2 32 1.126384e+15 2.90714e+22 3.077147 1449.372
4 2 32 1.126384e+15 2.90714e+22 3.077147 1128.854
4 2 33 6.394943e+13 2.54434e+22 1.691718 1051.211
4 2 33 6.394943e+13 2.54434e+22 1.691718 2052.598
4 2 34 2.233783e+14 1.897504e+22 3.115886 1908.086
4 2 34 2.233783e+14 1.897504e+22 3.115886 2090.277
4 2 35 5.657694e+15 6.815233e+22 1.739867 1049.549
4 2 35 5.657694e+15 6.815233e+22 1.739867 1272.489
4 2 36 7.253892e+12 8.302397e+21 1.504014 1939.167
4 2 36 7.253892e+12 8.302397e+21 1.504014 2028.447
4 2 37 7.773512e+14 1.482721e+22 1.477081 1342.466
4 2 37 7.773512e+14 1.482721e+22 1.477081 2090.011
4 2 38 6.742914e+16 1.596617e+22 1.716976 1868.239
4 2 38 6.742914e+16 1.596617e+22 1.716976 1079.144
4 2 39 1.415027e+16 2.401231e+22 2.155783 2085.971
4 2 39 1.415027e+16 2.401231e+22 2.155783 1687.262
4 2 40 2.626566e+15 1.878842e+22 2.441051 1418.967
4 2 40 2.626566e+15 1.878842e+22 2.441051 1064.871
4 2 41 2.584922e+16 1.884136e+22 1.507597 1051.107
4 2 41 2.584922e+16 1.884136e+22 1.507597 1738.663
4 2 42 4.50523e+16 3.384227e+22 7209.019 2045.135
4 2 42 4.50523e+16 3.384227e+22 7209.019 1887.604
4 2 43 1.12156e+14 1.528995e+22 10.51724 1971.397
4 2 43 1.12156e+14 1.528995e+22 10.51724 2138.449
4 2 44 4.040836e+17 1.975136e+22 2.397247 1869.883
4 2 44 4.040836e+17 1.975136e+22 2.397247 1731.857
4 2 45 8.252564e+14 5.58689e+21 263.8159 1984.233
4 2 45 8.252564e+14 5.58689e+21 263.8159 2077.306
4 2 46 1.300849e+14 2.020911e+22 1.700991 1052.436
4 2 46 1.300849e+14 2.020911e+22 1.700991 1729.448
4 2 47 1.237421e+16 1.599786e+22 9.188505 1051.58
4 2 47 1.237421e+16 1.599786e+22 9.188505 2110.227
4 2 48 6.147147e+14 1.15409e+22 3.107005 2202.282
4 2 48 6.147147e+14 1.15409e+22 3.107005 1883.67
4 2 49 4.749909e+13 2.964075e+22 4.634597 1999.135
4 2 49 4.749909e+13 2.964075e+22 4.634597 1125.335
4 3 0 0.8953995 1.043142 1.002782 1961.831
4 3 0 0.8954028 1.043154 1.002805 2169.922
4 3 1 0.8952397 1.04427 0.9273675 1943.479
4 3 1 0.8952466 1.044145 0.9273402 1731.666
4 3 2 0.9074038 1.059056 0.9408424 1576.168
4 3 2 0.9073626 1.058981 0.940932 2121.188
4 3 3 0.950308 1.003888 0.9352158 2128.915
4 3 3 0.9502331 1.003823 0.9353617 2048.868
4 3 4 0.9295458 1.066935 1.024622 1810.188
4 3 4 0.9295663 1.067032 1.024682 1743.528
4 3 5 0.9304421 0.9945519 0.8414644 1750.334
4 3 5 0.9303617 0.9944124 0.8414147 1779.191
4 3 6 0.9362679 1.132014 1.054213 2039.214
4 3 6 0.9363132 1.132023 1.054184 2118.679
4 3 7 0.8924159 1.141679 1.052588 2082.778
4 3 7 0.8924167 1.141706 1.05258 2011.801
4 3 8 0.9091727 1.039625 1.000532 1827.857
4 3 8 0.9092052 1.039595 1.000535 1240.762
4 3 9 0.9063977 1.157291 0.9691458 2066.344
4 3 9 0.9064436 1.157392 0.9691302 2052.314
4 3 10 0.9076837 1.003986 0.8571134 2057.123
4 3 10 0.9077203 1.004045 0.857358 1989.096
4 3 11 0.8677964 1.050019 0.9378932 1873.004
4 3 11 0.8678596 1.049959 0.9379177 2010.529
4 3 12 0.9222134 1.076745 0.9357626 1663.533
4 3 12 0.9222136 1.076715 0.9357672 1257.442
4 3 13 0.9162764 1.010493 0.9505563 2104.195
4 3 13 0.9162947 1.010541 0.9505414 1586.182
4 3 14 0.9361648 1.064881 0.9281888 1138.077
4 3 14 0.9362193 1.064905 0.928239 1833.014
4 3 15 0.9161825 1.199111 0.9949629 1594.409
4 3 15 0.9161133 1.199147 0.9950009 1912.178
4 3 16 0.8964129 1.065308 0.9818275 2111.747
4 3 16 0.8964245 1.065315 0.9818103 1778.448
4 3 17 0.9175615 1.078348 1.024764 2133.552
4 3 17 0.9174951 1.078317 1.024815 1815.677
4 3 18 0.9098556 1.000133 0.9180604 1853.421
4 3 18 0.909831 1.000145 0.918041 2018.319
4 3 19 0.9020287 1.006309 0.9465068 1650.632
4 3 19 0.9019684 1.006308 0.9465272 1820.915
4 3 20 0.9177519 1.115557 1.007973 1731.609
4 3 20 0.9177405 1.115346 1.007939 2384.067
4 3 21 0.9112984 1.071895 0.9752364 1999.918
4 3 21 0.9112604 1.071939 0.9753199 2048.921
4 3 22 0.8988997 1.036104 0.923343 1870.513
4 3 22 0.898793 1.036003 0.9233499 1512.42
4 3 23 0.9234478 1.073906 0.9629639 1820.818
4 3 23 0.9234388 1.073753 0.9629429 1701.062
4 3 24 0.8993264 1.016523 1.006129 1868.653
4 3 24 0.8994393 1.016768 1.006141 2146.887
4 3 25 0.9198726 1.033168 1.00915 2012.614
4 3 25 0.9198829 1.032977 1.009206 1439.476
4 3 26 0.9117243 1.113765 1.053661 1526.941
4 3 26 0.9117443 1.113826 1.05362 1274.032
4 3 27 0.9004524 1.050303 1.000957 1890.386
4 3 27 0.9004076 1.050367 1.000976 1645.578
4 3 28 0.9109393 1.130851 0.9468429 2167.378
4 3 28 0.9110693 1.130948 0.9467834 1340.407
4 3 29 0.9284606 1.130966 1.072038 1730.994
4 3 29 0.9284411 1.130904 1.072079 1862.797
4 3 30 0.917117 1.00448 0.903559 1893.811
4 3 30 0.9171107 1.004452 0.9035556 2027.573
4 3 31 0.9034513 1.03588 0.9714766 1489.874
4 3 31 0.9034468 1.036066 0.9715647 1626.834
4 3 32 0.915892 1.049958 0.9502439 2054.022
4 3 32 0.9159692 1.04993 0.9502639 1523.191
4 3 33 0.917955 1.040349 0.9199005 1961.623
4 3 33 0.917916 1.040325 0.9199575 2212.856
4 3 34 0.9140946 1.004442 0.8618609 1843.876
4 3 34 0.9141503 1.004615 0.8617767 1736.582
4 3 35 0.9051523 0.948661 0.9374831 1911.358
4 3 35 0.9051568 0.9487562 0.937435 1834.353
4 3 36 0.9056865 1.044643 0.9364135 1921.186
4 3 36 0.9057112 1.044749 0.9363498 1135.938
4 3 37 0.9093435 1.035504 0.9607164 1809.146
4 3 37 0.9093668 1.035614 0.960639 1908.797
4 3 38 0.885635 1.082111 0.9973878 1891.38
4 3 38 0.8856859 1.082069 0.9973377 1701.714
4 3 39 0.9227189 1.067224 0.9993739 1880.919
4 3 39 0.9226916 1.067133 0.9993203 2142.995
4 3 40 0.9139939 1.089982 0.9654133 1549.948
4 3 40 0.9138611 1.089748 0.9655477 1359.859
4 3 41 0.9157463 0.9993425 0.8696764 1936.501
4 3 41 0.9157526 0.9993425 0.8697017 2053.309
4 3 42 0.8897994 1.112125 1.01871 2155.926
4 3 42 0.8897652 1.112148 1.018594 2230.948
4 3 43 0.9024793 1.006388 0.9375305 1413.538
4 3 43 0.9025202 1.006112 0.9375404 1890.685
4 3 44 0.9131067 1.068598 0.961761 1756.702
4 3 44 0.9130648 1.068525 0.9618963 1609.286
4 3 45 0.8727026 1.01941 0.877372 1715.394
4 3 45 0.8727013 1.019486 0.8774232 1833.453
4 3 46 0.9160869 1.058181 0.9528246 1459.664
4 3 46 0.9161276 1.058645 0.9529976 2043.488
4 3 47 0.9216193 1.015042 0.8874381 1131.542
4 3 47 0.9216504 1.014988 0.8874111 1306.298
4 3 48 0.9055933 1.046487 0.9522728 1804.283
4 3 48 0.9055972 1.046258 0.9523373 1737.679
4 3 49 0.8852093 1.062696 0.9598606 1817.605
4 3 49 0.8851856 1.062747 0.959876 1920.806
4 4 0 1.458569 1.350623 1.452762 0.67
4 4 0 1.458569 1.350623 1.452762 0.679
4 4 1 1.447215 1.55858 1.408451 0.669
4 4 1 1.447215 1.55858 1.408451 0.665
4 4 2 1.382433 1.387991 1.450975 0.675
4 4 2 1.382433 1.387991 1.450975 1.316
4 4 3 1.428415 1.486596 1.391636 0.683
4 4 3 1.428415 1.486596 1.391636 0.675
4 4 4 1.329493 1.387224 1.498417 0.668
4 4 4 1.329493 1.387224 1.498417 1.312
4 4 5 1.382021 1.21657 1.354523 0.664
4 4 5 1.382021 1.21657 1.354523 0.693
4 4 6 1.371611 1.389012 1.400696 0.684
4 4 6 1.371611 1.389012 1.400696 0.689
4 4 7 1.408278 1.400468 1.479488 0.676
4 4 7 1.408278 1.400468 1.479488 1.379
4 4 8 1.413888 1.420932 1.372324 0.671
4 4 8 1.413888 1.420932 1.372324 0.683
4 4 9 1.388293 1.439304 1.399066 0.68
4 4 9 1.388293 1.439304 1.399066 1.38
4 4 10 1.42783 1.416924 1.383375 0.684
4 4 10 1.42783 1.416924 1.383375 0.678
4 4 11 1.415035 1.390674 1.428153 0.66
4 4 11 1.415035 1.390674 1.428153 0.674
4 4 12 1.34058 1.494238 1.408734 0.674
4 4 12 1.34058 1.494238 1.408734 0.671
4 4 13 1.442091 1.457746 1.420976 0.67
4 4 13 1.442091 1.457746 1.420976 0.674
4 4 14 1.402948 1.129696 1.331516 0.679
4 4 14 1.402948 1.129696 1.331516 1.313
4 4 15 1.360716 1.382513 1.37811 0.684
4 4 15 1.360716 1.382513 1.37811 0.684
4 4 16 1.414107 1.429727 1.483755 0.672
4 4 16 1.414107 1.429727 1.483755 0.687
4 4 17 1.498304 1.351629 1.439711 0.679
4 4 17 1.498304 1.351629 1.439711 1.34
4 4 18 1.324761 1.470989 1.439358 0.681
4 4 18 1.324761 1.470989 1.439358 1.368
4 4 19 1.345717 1.333259 1.454889 0.677
4 4 19 1.345717 1.333259 1.454889 0.675
4 4 20 1.378466 1.441239 1.397509 0.672
4 4 20 1.378466 1.441239 1.397509 1.344
4 4 21 1.399907 1.442401 1.418668 1.315
4 4 21 1.399907 1.442401 1.418668 0.677
4 4 22 1.43098 1.396282 1.399402 0.675
4 4 22 1.43098 1.396282 1.399402 1.424
4 4 23 1.380396 1.665345 1.382351 0.677
4 4 23 1.380396 1.665345 1.382351 0.68
4 4 24 1.431453 1.413067 1.434264 0.661
4 4 24 1.431453 1.413067 1.434264 0.662
4 4 25 1.422205 1.344867 1.401443 0.681
4 4 25 1.422205 1.344867 1.401443 0.679
4 4 26 1.466984 1.48897 1.427905 0.673
4 4 26 1.466984 1.48897 1.427905 0.685
4 4 27 1.397271 1.392515 1.422533 0.676
4 4 27 1.397271 1.392515 1.422533 1.379
4 4 28 1.414881 1.454629 1.412208 0.671
4 4 28 1.414881 1.454629 1.412208 0.677
4 4 29 1.384551 1.457366 1.48741 0.683
4 4 29 1.384551 1.457366 1.48741 0.679
4 4 30 1.413361 1.216089 1.402988 0.68
4 4 30 1.413361 1.216089 1.402988 0.68
4 4 31 1.421162 1.279839 1.449802 0.676
4 4 31 1.421162 1.279839 1.449802 0.691
4 4 32 1.500583 1.396744 1.375249 0.712
4 4 32 1.500583 1.396744 1.375249 0.671
4 4 33 1.371349 1.389277 1.395182 0.681
4 4 33 1.371349 1.389277 1.395182 0.693
4 4 34 1.376177 1.50433 1.398985 0.683
4 4 34 1.376177 1.50433 1.398985 0.683
4 4 35 1.364468 1.449342 1.43262 0.68
4 4 35 1.364468 1.449342 1.43262 0.682
4 4 36 1.375948 1.488178 1.463409 0.674
4 4 36 1.375948 1.488178 1.463409 1.34
4 4 37 1.361965 1.35245 1.384826 0.682
4 4 37 1.361965 1.35245 1.384826 0.684
4 4 38 1.372403 1.402271 1.42773 0.674
4 4 38 1.372403 1.402271 1.42773 0.677
4 4 39 1.472496 1.305513 1.409304 0.667
4 4 39 1.472496 1.305513 1.409304 0.675
4 4 40 1.557245 1.406709 1.372216 1.425
4 4 40 1.557245 1.406709 1.372216 0.686
4 4 41 1.338751 1.491836 1.353169 0.673
4 4 41 1.338751 1.491836 1.353169 0.668
4 4 42 1.40736 1.417918 1.455916 1.328
4 4 42 1.40736 1.417918 1.455916 1.339
4 4 43 1.376143 1.401821 1.439159 0.669
4 4 43 1.376143 1.401821 1.439159 1.33
4 4 44 1.405397 1.341521 1.39862 0.67
4 4 44 1.405397 1.341521 1.39862 0.665
4 4 45 1.43026 1.35398 1.352266 0.669
4 4 45 1.43026 1.35398 1.352266 0.677
4 4 46 1.370795 1.483345 1.376718 0.676
4 4 46 1.370795 1.483345 1.376718 0.676
4 4 47 1.421751 1.458242 1.457269 0.679
4 4 47 1.421751 1.458242 1.457269 1.363
4 4 48 1.441385 1.506604 1.436327 0.679
4 4 48 1.441385 1.506604 1.436327 0.68
4 4 49 1.448858 1.485969 1.436571 0.68
4 4 49 1.448858 1.485969 1.436571 1.377
5 1 0 0.995098 1.109482 2.473411 8.852
5 1 1 1.019442 1.094092 1.010473 4.136
5 1 2 1.002139 1.070326 1.074267 4.13
5 1 3 0.998104 1.117756 1.031049 4.762
5 1 4 0.9912661 1.091969 1.018699 4.172
5 1 5 0.9857966 1.114921 2.473877 4.34
5 1 6 0.9899519 1.089968 1.058445 4.083
5 1 7 0.9958639 1.043861 2.748333 4.379
5 1 8 1.015551 1.064389 3.209112 4.464
5 1 9 1.011345 1.091013 1.017986 4.158
5 1 10 0.9970262 1.093767 1.001201 3.962
5 1 11 0.9966921 1.080041 4.969374 5.145
5 1 12 0.9903007 1.072483 2.215884 4.249
5 1 13 0.9932057 1.058303 0 2.638
5 1 14 1.006136 1.096981 1.017978 4.298
5 1 15 1.010042 1.043067 0 3.104
5 1 16 1.043366 1.079399 0 2.713
5 1 17 1.010284 1.062956 1.071979 4.282
5 1 18 0.9946367 1.065864 4.337159 7.831
5 1 19 0.9845637 1.127591 2.186749 4.338
5 1 20 0.9967115 1.097184 1.088718 4.458
5 1 21 1.011895 1.093957 0.9879014 4.793
5 1 22 1.029434 1.127944 1.12574 4.328
5 1 23 1.003499 1.08903 1.244216 4.25
5 1 24 0.9985427 1.079416 0 2.679
5 1 25 1.006496 1.071492 1.093939 4.486
5 1 26 1.000385 1.059439 2.635763 4.225
5 1 27 0.9802929 1.053145 1.806265 4.319
5 1 28 0.9923565 1.094135 1.019102 3.794
5 1 29 0.9937564 1.076753 3.005633 4.33
5 1 30 0.997943 1.043302 1.069341 4.284
5 1 31 0.9753429 1.099416 1.091795 4.904
5 1 32 1.008307 1.040417 0.9955189 4.201
5 1 33 0.9962582 1.081127 1.02621 4.206
5 1 34 1.002273 1.060444 0 3.051
5 1 35 0.9914638 1.144152 0 2.926
5 1 36 1.015252 1.167439 2.091848 4.284
5 1 37 1.015873 1.104912 1.999396 4.372
5 1 38 0.9841831 1.07441 0 2.852
5 1 39 0.9971105 1.094563 1.116523 4.234
5 1 40 1.017016 1.085122 2.540452 4.779
5 1 41 0.9964628 1.084881 1.567448 4.359
5 1 42 0.9925335 1.0506 1.890141 4.292
5 1 43 0.9871674 1.087072 1.475617 4.174
5 1 44 0.999727 1.124208 1.03748 4.811
5 1 45 1.012323 1.074958 1.002509 4.378
5 1 46 1.034108 1.06287 2.852254 4.455
5 1 47 0.9884084 1.095118 0 2.624
5 1 48 1.003302 1.083062 2.149169 4.298
5 1 49 1.005707 1.051729 0 3.357
5 2 0 8.492465e+35 2.197958e+23 247.9408 1746.773
5 2 1 2.213771e+31 8.474482e+22 75.13686 1853.788
5 2 2 2.003823e+16 3.100925e+23 1.908828 1562.312
5 2 3 1.459443e+17 1.74215e+23 21.50344 1735.818
5 2 4 3.252362e+32 1.057397e+23 3.428754 992.974
5 2 5 4.309488e+31 2.23326e+23 3.598603 1643.138
5 2 6 2.004265e+36 1.717552e+23 8.241178 988.925
5 2 7 9.891996e+32 1.798044e+22 0.9795847 1760.577
5 2 8 4.162287e+32 6.889708e+21 11.5934 1721.085
5 2 9 4.81996e+15 8.192897e+22 79.59607 995.178
5 2 10 1.512797e+35 6.622124e+22 3.112158 1576.879
5 2 11 1.601679e+31 3.024495e+22 1.146703 1767.601
5 2 12 1.116552e+17 3.087486e+22 416.2874 1756.133
5 2 13 7.296585e+31 1.528665e+22 0 585.949
5 2 14 3.486241e+31 7.044596e+22 3.350919 1568.646
5 2 15 1.572447e+32 2.735443e+22 0 1024.5
5 2 16 5.546185e+30 2.030784e+23 0 908.9
5 2 17 3.167962e+33 3.607977e+22 117.5818 1638.358
5 2 18 1.303432e+34 9.73057e+21 260.4764 1559.546
5 2 19 1.562272e+19 2.517575e+22 72.47001 1730.753
5 2 20 8.27413e+31 8.627602e+21 1.151244 991.792
5 2 21 4.077022e+30 2.02338e+23 651.9303 1887.551
5 2 22 1.140702e+31 4.908481e+23 610.4778 1654.467
5 2 23 2.258408e+33 8.754236e+22 336.3424 986.498
5 2 24 2.051385e+30 9.432073e+22 0 929.11
5 2 25 2.54482e+19 3.079078e+22 19.44398 1740.714
5 2 26 3.503879e+35 3.176068e+22 81.15132 1490.079
5 2 27 5.787431e+35 5.5963e+21 2.812366 1538.797
5 2 28 2.543663e+30 3.67523e+22 1.705325 2008.912
5 2 29 2.523542e+32 4.790064e+22 4.634678 1799.666
5 2 30 1.160768e+32 2.607851e+22 4.994864 1804.527
5 2 31 2.186864e+32 1.040406e+23 1.025068 1503.147
5 2 32 2.18391e+30 2.533702e+21 22.01113 1505.603
5 2 33 1.110165e+32 2.413238e+22 90.75446 1737.89
5 2 34 2.995631e+30 6.505608e+22 0 916.144
5 2 35 8.262096e+31 3.989176e+22 0 1023.671
5 2 36 2.347631e+32 8.414823e+22 3082.653 1863.557
5 2 37 6.242829e+31 1.693146e+23 1.088774 1653.62
5 2 38 1.826318e+31 1.513888e+22 0 584.888
5 2 39 1.333584e+31 1.153023e+23 106.6979 1724.858
5 2 40 3.774338e+30 1.429167e+23 2.126761 1716.433
5 2 41 3.196684e+32 3.214229e+22 48.72741 1619.795
5 2 42 1.169775e+34 4.579554e+22 129.4523 1632.638
5 2 43 6.017052e+30 2.219072e+23 2.244796 1886.426
5 2 44 3.119741e+32 9.935404e+21 68.85582 1889.968
5 2 45 3.633909e+30 6.379078e+22 1.817854 1052.488
5 2 46 7.934202e+35 3.782899e+22 1.052828 1484.231
5 2 47 2.592428e+21 2.194118e+23 0 746.357
5 2 48 1.689347e+35 2.924971e+22 1.148207 994.018
5 2 49 7.970606e+31 1.063842e+24 0 746.466
5 3 0 0.8827146 0.9821027 0.9147455 1293.28
5 3 1 0.9274999 0.9674688 0.9329831 1210.863
5 3 2 0.8865809 0.9716567 0.9198542 938.771
5 3 3 0.8858823 0.9748988 0.9496665 1363.245
5 3 4 0.8643283 0.9616861 0.9333117 1362.418
5 3 5 0.8640931 0.9697271 0.9913971 1156.006
5 3 6 0.8584548 0.9732205 0.9080514 1062.557
5 3 7 0.8647183 0.9603481 0.9560454 897.802
5 3 8 0.8754687 0.9800181 0.8935358 1528.626
5 3 9 0.8882654 0.9501586 0.9305477 1386.676
5 3 10 0.8762578 0.9815308 0.9934701 1030.841
5 3 11 0.8780586 0.9686973 0.9161066 1265.25
5 3 12 0.8708941 0.9710904 0.8838478 1349.203
5 3 13 0.8845927 0.964421 0 952.708
5 3 14 0.8906771 0.991399 0.9315607 1219.606
5 3 15 0.8927191 0.9760432 0 846.324
5 3 16 0.9114464 0.9777891 0 1060.704
5 3 17 0.8963552 0.9616365 0.9784834 1352.012
5 3 18 0.8641814 0.9642561 0.9677598 1219.118
5 3 19 0.854599 0.9656926 0.9641561 1169.239
5 3 20 0.8719575 0.9605108 0.9948959 927.279
5 3 21 0.8873275 0.9790462 0.9326751 1261.652
5 3 22 0.9021554 0.9667551 0.9273939 805.147
5 3 23 0.8923611 0.9623344 1.031168 1237.304
5 3 24 0.8735352 0.9637826 0 1155.548
5 3 25 0.8992341 0.972938 1.064574 1233.662
5 3 26 0.8847703 0.9528655 0.962105 1291.15
5 3 27 0.8439229 0.9580744 0.9220938 1253.592
5 3 28 0.8712663 0.9395361 0.9017256 1177.46
5 3 29 0.8731581 0.9506396 1.011161 1143.955
5 3 30 0.8522724 0.9611452 0.9175347 1070.529
5 3 31 0.8492382 0.9919279 1.016394 1186.737
5 3 32 0.9053549 0.9619499 1.024382 1381.301
5 3 33 0.8913931 0.9755636 0.9296334 1364.257
5 3 34 0.8594148 0.9636167 0 1098.647
5 3 35 0.8633504 0.98911 0 1185.578
5 3 36 0.8777516 0.9596508 0.7993413 1310.453
5 3 37 0.9107118 0.9402643 0.8631462 1115.566
5 3 38 0.8695284 0.9782748 0 1150.956
5 3 39 0.8849064 0.9779324 0.9884789 1346.006
5 3 40 0.9049063 0.9667747 0.9514607 1225.392
5 3 41 0.8723159 0.9848618 0.9382499 1420.98
5 3 42 0.8807135 0.9530671 1.098578 1297.607
5 3 43 0.8450874 0.9580532 0.9621708 988.877
5 3 44 0.8599134 0.9691645 1.008773 934.718
5 3 45 0.8702035 0.9859036 0.8703963 1293.383
5 3 46 0.9101943 0.9659046 0.8913182 1287.71
5 3 47 0.8567629 0.9665388 0 1055.748
5 3 48 0.8790176 0.9760335 0.9320353 1345.165
5 3 49 0.861305 0.9617586 0 1305.904
5 4 0 1.436803 1.460467 1.297606 0.57
5 4 1 1.346713 1.478993 1.381103 0.569
5 4 2 1.390076 1.399503 1.312731 0.605
5 4 3 1.330593 1.432438 1.441165 0.572
5 4 4 1.406284 1.402474 1.424171 0.571
5 4 5 1.485394 1.441387 1.648138 0.569
5 4 6 1.363833 1.425159 1.414254 0.567
5 4 7 1.370228 1.387079 1.420929 0.565
5 4 8 1.425063 1.306259 1.302169 0.568
5 4 9 1.38824 1.404746 1.503009 0.566
5 4 10 1.370179 1.389232 1.656658 0.571
5 4 11 1.362536 1.367455 1.346057 0.565
5 4 12 1.419636 1.346343 1.30169 0.568
5 4 13 1.407877 1.378687 0 0.56
5 4 14 1.346906 1.333201 1.582431 0.563
5 4 15 1.393179 1.227625 0 0.566
5 4 16 1.371889 1.312039 0 0.566
5 4 17 1.413754 1.410755 1.457459 0.565
5 4 18 1.399073 1.365291 1.619805 0.571
5 4 19 1.400472 1.319537 1.553318 0.571
5 4 20 1.444688 1.472268 1.419601 0.566
5 4 21 1.37126 1.367016 1.442727 0.565
5 4 22 1.432858 1.455249 1.316709 0.559
5 4 23 1.396835 1.383772 1.715181 0.57
5 4 24 1.412172 1.374955 0 0.564
5 4 25 1.425312 1.370698 1.740822 0.563
5 4 26 1.404616 1.42561 1.418535 0.567
5 4 27 1.399682 1.344 1.508687 0.567
5 4 28 1.390737 1.383972 1.42687 0.568
5 4 29 1.405057 1.420685 1.499152 0.566
5 4 30 1.449204 1.280307 1.573017 0.561
5 4 31 1.38038 1.429598 1.499353 0.565
5 4 32 1.417102 1.363757 1.454651 0.564
5 4 33 1.534206 1.363257 1.521312 0.569
5 4 34 1.403477 1.325053 0 0.612
5 4 35 1.376076 1.324294 0 0.565
5 4 36 1.402504 1.41039 1.297309 0.565
5 4 37 1.341117 1.569213 1.358459 0.564
5 4 38 1.435251 1.295119 0 0.559
5 4 39 1.449114 1.434671 1.425214 0.571
5 4 40 1.369294 1.499094 1.341162 0.567
5 4 41 1.455443 1.310294 1.353148 0.569
5 4 42 1.403453 1.335011 1.419798 0.567
5 4 43 1.43584 1.327923 1.447215 0.57
5 4 44 1.513445 1.478607 1.389855 0.561
5 4 45 1.507941 1.295612 1.41087 0.564
5 4 46 1.423334 1.237803 1.43786 0.566
5 4 47 1.446331 1.473176 0 0.57
5 4 48 1.309016 1.34506 1.42732 0.566
5 4 49 1.426975 1.412145 0 0.567
