1 1 1 1 0.3582498 0.001855647 0.1922079 0.5193731 0.03330456 0.5381816 -0.07920596 0.5326985 0.6114033 0.501074
1 1 2 1 0.4047402 0.001677409 0.2357254 0.5204886 0.03080474 0.2555982 0.1931252 0.5397864 0.4830895 0.5092895
1 1 3 1 0.3673655 0.0004702099 0.02419569 0.4965419 0.034027 0.3249891 -0.132207 0.4947218 0.9295653 0.520486
1 2 1 1 0.3573382 0.002027543 0.803925 0.5095006 0.03460012 0.6615998 0.05164871 0.5140457 0.7722218 0.5082015
1 2 2 1 0.4275296 0.002445969 0.2725218 0.4969881 0.02516066 0.8183574 0.03549416 0.4905305 0.9019142 0.5170619
1 2 3 1 0.372835 0.0007553843 0.07298829 0.4955193 0.03395872 0.3064483 -0.1393809 0.4931621 0.9075701 0.5198147
1 3 1 1 0.3482224 0.001238299 0.08036278 0.4899602 0.03445949 0.6805339 -0.05110873 0.4845575 0.7894337 0.5347571
1 3 2 1 0.3892434 0.003554519 0.07561898 0.5583609 0.03349975 0.03774571 0.2950545 0.592483 0.08100383 0.5549634
1 3 3 1 0.3673655 0.001046673 0.02852274 0.5163054 0.03407007 0.2065675 -0.1685797 0.524334 0.6839639 0.503525
1 4 1 1 0.3518687 0.002157945 0.2135069 0.5060239 0.03358159 0.5595057 -0.07300935 0.5098486 0.8750058 0.5147323
1 4 2 1 0.4047402 0.0007563156 0.8126348 0.5350091 0.03007177 0.7038431 -0.06605084 0.5709303 0.220393 0.5184832
1 4 3 1 0.3691887 0.000286417 0.01880188 0.5769531 0.03404022 0.0048003 -0.3157836 0.6160252 0.01210333 0.5768643
2 1 1 1 0.3850467 0.004426213 2.787097e-09 0.6291368 0.02272266 6.606342e-10 0.5493659 0.7244423 1.358765e-10 0.6291887
2 1 2 1 0.4897196 0.002635638 0.00821896 0.5307256 0.01873005 0.005968946 0.320123 0.5848015 0.1009319 0.5319394
2 1 3 1 0.4448598 0.0004726235 6.899118e-09 0.6223501 0.02202335 3.375206e-08 -0.7777824 0.7100033 6.570076e-09 0.6236582
2 2 1 1 0.3719626 0.001827192 0.1679853 0.5496304 0.02256673 0.1701362 0.1565353 0.5826956 0.02418596 0.5435943
2 2 2 1 0.5084112 0.005918867 0.7853814 0.5015825 0.0178971 0.9714932 0.004572761 0.504564 0.9261775 0.5115002
2 2 3 1 0.4299065 0.001180617 2.40671e-10 0.6288712 0.02199914 3.95819e-09 -0.8269234 0.7180805 8.071467e-10 0.629071
2 3 1 1 0.3981308 0.001462705 5.583284e-07 0.6129402 0.02229083 1.544776e-07 0.4361081 0.6922743 3.394582e-08 0.6121711
2 3 2 1 0.4411215 0.001015315 8.160216e-06 0.5836909 0.02179919 1.986718e-06 0.4478555 0.6636205 5.413254e-05 0.5843208
2 3 3 1 0.4523364 0.0008388208 1.528602e-07 0.6165725 0.02201568 3.727287e-07 -0.7114228 0.7010037 3.708034e-08 0.6166027
2 4 1 1 0.3831776 0.001372056 1.573364e-11 0.6455563 0.02330474 4.066969e-12 0.6684597 0.7355784 1.809722e-12 0.6466649
2 4 2 1 0.471028 0.008826197 3.073551e-09 0.6063023 0.02128552 2.121424e-05 -0.5229169 0.6879768 2.468301e-08 0.6059086
2 4 3 1 0.4504673 0.002224071 6.288834e-10 0.6244318 0.02114043 9.739666e-09 -0.8265953 0.7159024 1.304585e-09 0.624821
3 1 1 1 0.3660477 6.607072e-05 0.07207213 0.5862317 0.03428448 0.03911608 -0.2843888 0.6341008 0.001073256 0.5835747
3 1 2 1 0.3633952 0.005112959 0.0576013 0.5540497 0.03212725 0.1096339 -0.2616842 0.588645 0.1070457 0.5473887
3 1 3 1 0.3793103 0.01328077 0.0005493528 0.5916687 0.03411628 0.01279181 -0.3731627 0.6338472 0.01486969 0.5899206
3 2 1 1 0.4403183 0.003589061 0.779482 0.5536899 0.03168977 0.5054327 0.1338795 0.6063241 0.07228025 0.5379726
3 2 2 1 0.3819629 0.001014943 0.01286888 0.5525306 0.0217938 0.0003598877 1.028438 0.804731 0.00593178 0.552423
3 2 3 1 0.3766578 0.009757584 0.03269404 0.6080995 0.03425244 0.009381303 0.3296655 0.6597707 0.0002594997 0.6068259
3 3 1 1 0.3766578 0.001361171 0.1556136 0.5849524 0.03430924 0.06032376 -0.2546729 0.6315659 0.00319715 0.5831553
3 3 2 1 0.3607427 0.002962836 0.05855383 0.5447349 0.03270561 0.3353137 -0.128556 0.5715201 0.1433973 0.5311551
3 3 3 1 0.3607427 0.007281754 0.001726238 0.5532902 0.03393965 0.1224666 -0.2343184 0.57891 0.1479828 0.5435479
3 4 1 1 0.3925729 0.001714267 0.2024546 0.5814744 0.03355971 0.07870531 0.2707213 0.6297335 0.00487481 0.576009
3 4 2 1 0.3554377 0.001899146 0.06184942 0.5631646 0.03240421 0.02186745 -0.2983273 0.6035115 0.0497059 0.5620337
3 4 3 1 0.3899204 0.01499188 0.02121393 0.5779563 0.03413379 0.04848877 -0.2917624 0.6148139 0.0350515 0.573197
4 1 1 1 0.3795761 0.003040033 0.02557786 0.5809617 0.02838488 0.01212829 0.416996 0.6547951 0.002401308 0.5797931
4 1 2 1 0.3603083 0.004997199 0.7096462 0.501286 0.02860187 0.5505352 -0.06503926 0.5028971 0.9564238 0.5156429
4 1 3 1 0.3795761 0.007202461 0.06607837 0.5303606 0.0298543 0.2266608 0.1495642 0.5483929 0.3149512 0.5208895
4 2 1 1 0.3603083 0.003607639 0.08231718 0.5615041 0.03019757 0.02358286 -0.2723947 0.5969872 0.03007204 0.5608033
4 2 2 1 0.3911368 0.003234463 0.9560082 0.4982387 0.01901373 0.7964244 0.04016111 0.4954756 0.9552193 0.5130948
4 2 3 1 0.3526012 0.005113569 0.02198836 0.5638524 0.02975049 0.02324557 -0.2922853 0.6036635 0.01977164 0.5635118
4 3 1 1 0.3680154 0.002285505 0.1480717 0.5369304 0.02914676 0.6460378 0.06374502 0.5649807 0.1771144 0.5209462
4 3 2 1 0.3699422 0.004585413 0.8720622 0.5283198 0.03012898 0.7591681 0.03757254 0.5433782 0.3471538 0.509015
4 3 3 1 0.3641618 0.004413924 0.1411634 0.5441431 0.03003505 0.134053 -0.1854722 0.5690443 0.1315402 0.5378338
4 4 1 1 0.3506744 0.003611631 0.05342781 0.5003634 0.03053858 0.3908768 0.09591029 0.5009683 0.9840453 0.5160546
4 4 2 1 0.3622351 0.003924755 0.9477877 0.4938216 0.02855959 0.8264616 0.02428433 0.4896531 0.8448647 0.5253939
4 4 3 1 0.3583815 0.005789142 0.1671563 0.5422421 0.02991425 0.121552 -0.1966962 0.5672321 0.1386616 0.5371139
5 1 1 1 0.3849206 0.006498892 0.2240213 0.539103 0.02453863 0.47002 -0.09779481 0.5695991 0.1252815 0.5258293
5 1 2 1 0.406746 0.00587422 0.3050969 0.5341859 0.02202733 0.1873124 -0.1509033 0.5803549 0.1033036 0.5285601
5 1 3 1 0.375 0.00410819 0.2829575 0.5385627 0.02578529 0.1105105 0.1701657 0.5595205 0.09619447 0.5343917
5 2 1 1 0.3650794 0.002964699 0.4036197 0.5217759 0.02525491 0.3898386 -0.1035603 0.5363691 0.3585775 0.5097447
5 2 2 1 0.4027778 0.01063755 0.6353391 0.4920929 0.01715307 0.8651746 0.02192532 0.4729156 0.6544755 0.5195075
5 2 3 1 0.3611111 0.005924849 0.3743098 0.540634 0.02593367 0.4531885 0.0742023 0.5612511 0.0853178 0.5298733
5 3 1 1 0.3769841 0.005919608 0.3671588 0.5356268 0.02476086 0.5538549 -0.07538121 0.5615413 0.155484 0.5225399
5 3 2 1 0.3670635 0.003434348 0.8436368 0.5108249 0.02456459 0.7409502 0.04092203 0.5188709 0.6312672 0.5042724
5 3 3 1 0.3849206 0.005903607 0.1166467 0.5341499 0.02565132 0.1336814 -0.1607653 0.5539059 0.1430134 0.5295979
5 4 1 1 0.3690476 0.005798173 0.3914699 0.5100504 0.02557822 0.5470179 0.06533687 0.5160609 0.6565139 0.502451
5 4 2 1 0.3650794 0.004406879 0.9695926 0.5044308 0.02410932 0.8929846 -0.01760469 0.508257 0.832122 0.5102605
5 4 3 1 0.375 0.003821139 0.1547278 0.5387788 0.02541723 0.1681878 -0.1436984 0.5626645 0.09015789 0.5334466
