1 0 1 1 0.9357542 0.7768316 0.05066198 0.5849738 0.04246471 0.01674203 0.3471993 0.626114 0.01942759 0.5858928
1 0 2 1 0.9511173 0.8129309 0.5674484 0.5497385 0.04315167 0.3160273 0.142208 0.5743436 0.1897118 0.535676
1 0 3 1 0.9706704 0.8645391 0.07850612 0.5899192 0.04307023 0.02844507 0.3113462 0.6320358 0.01247282 0.5846043
1 1 1 1 0.646648 0.5998211 0.7197006 0.5513552 0.03295316 0.5779898 0.1571617 0.6268201 0.132505 0.5271254
1 1 2 1 0.9594972 0.8287237 0.06890394 0.5876367 0.04306124 0.0230727 -0.3242478 0.6288559 0.01629798 0.5857175
1 1 3 1 0.9567039 0.8119879 0.118508 0.5771279 0.04309495 0.04656932 -0.2829216 0.6136651 0.03542998 0.5764452
1 2 1 1 0.9636872 0.8403672 0.1253921 0.5773657 0.04304502 0.05176442 0.2787579 0.6139267 0.03615713 0.5728262
1 2 2 1 0.9622905 0.8491915 0.182516 0.5645744 0.04313284 0.07539531 -0.2535706 0.5954091 0.08148561 0.5611582
1 2 3 1 0.9636872 0.8399833 0.172153 0.5801712 0.04313621 0.07159188 0.2559818 0.6179397 0.02779496 0.575351
1 3 1 1 0.9594972 0.8325796 0.08618626 0.5759391 0.04310633 0.03026035 0.3094574 0.6119865 0.03907132 0.5735043
1 3 2 1 0.952514 0.8141971 0.4134404 0.5597718 0.04325669 0.2238207 0.1731045 0.5885012 0.1094388 0.549538
1 3 3 1 0.9622905 0.8430343 0.2675916 0.5590109 0.04318577 0.1211168 0.2203283 0.5874205 0.113945 0.5520732
1 4 1 1 0.9678771 0.8568903 0.1259726 0.5672848 0.04307352 0.04351436 0.2880804 0.6000852 0.07471997 0.5652291
1 4 2 1 0.9567039 0.811967 0.07505498 0.572135 0.04291076 0.0242972 0.3205453 0.6082474 0.05621144 0.5710291
1 4 3 1 0.972067 0.8713069 0.2407273 0.5615787 0.0431337 0.09449886 0.2376555 0.5917235 0.1042446 0.5546902
1 5 1 1 0.9399441 0.7773858 0.02660818 0.5899667 0.04264353 0.008384449 0.3813757 0.6330185 0.01314908 0.5886015
1 5 2 1 0.9581006 0.8247617 0.12592 0.5734189 0.04300526 0.05258986 0.2707008 0.6089109 0.04442343 0.5708474
1 5 3 1 0.9553073 0.8084967 0.1837661 0.5676177 0.04286481 0.08674461 0.239969 0.6002545 0.066936 0.5627565
1 6 1 1 0.9664804 0.8525663 0.2356917 0.568331 0.04314517 0.0969923 0.2369466 0.6009304 0.06759111 0.5623339
1 6 2 1 0.9385475 0.7949094 0.3715662 0.5518307 0.04325858 0.2105578 -0.176632 0.577065 0.1647959 0.5410345
1 6 3 1 0.9636872 0.8522695 0.1367584 0.5680456 0.04321418 0.05373576 0.2721724 0.6006778 0.06641275 0.562166
1 7 1 1 0.9581006 0.8467958 0.1745056 0.5611032 0.04285621 0.07616868 0.2546281 0.5910897 0.1028785 0.5566548
1 7 2 1 0.972067 0.8748018 0.3546981 0.5681408 0.04312197 0.1778982 0.1913654 0.6005351 0.06609403 0.5576932
1 7 3 1 0.9790503 0.9051234 0.2636454 0.5620067 0.04308716 0.1217784 0.2197777 0.5915175 0.09639259 0.556985
1 8 1 1 0.9608939 0.8445633 0.1456349 0.5756538 0.04283507 0.05386436 0.2765943 0.611974 0.04134163 0.5711399
1 8 2 1 0.9692737 0.8626553 0.306058 0.5621493 0.04308422 0.1296745 0.2150657 0.5927138 0.09959008 0.5532413
1 8 3 1 0.9734637 0.8769215 0.156754 0.5713267 0.04312213 0.06316684 0.2640445 0.6052076 0.05325578 0.5661393
1 9 1 1 0.9594972 0.8290901 0.06501482 0.5810747 0.04298983 0.02374587 0.3265499 0.6192011 0.02749029 0.5794763
1 9 2 1 0.9581006 0.8283015 0.3971365 0.5512601 0.04308571 0.1850941 0.1859391 0.5765612 0.1773216 0.5411953
1 9 3 1 0.9650838 0.8481974 0.2658154 0.563766 0.04313595 0.1236549 0.2185443 0.5942785 0.08573812 0.5575027
1 10 1 1 0.9594972 0.8314631 0.1738604 0.5728959 0.04315699 0.09566515 0.2385963 0.6069979 0.05087922 0.566144
1 10 2 1 0.9608939 0.8341006 0.1129595 0.5707561 0.04314534 0.06601979 0.2597816 0.6043014 0.05643556 0.5677615
1 10 3 1 0.952514 0.7990149 0.1082555 0.5867808 0.04312124 0.0598941 0.2686861 0.6266871 0.01734053 0.5830713
1 11 1 1 0.976257 0.8856464 0.2145163 0.5699001 0.04302229 0.0907085 0.2407594 0.6031276 0.05983647 0.5637306
1 11 2 1 0.9567039 0.8246767 0.5114895 0.5634807 0.04305413 0.3389671 0.1351609 0.5940902 0.08501336 0.5486281
1 11 3 1 0.9734637 0.8714497 0.2199567 0.5676652 0.04304846 0.09510796 0.2372834 0.5998872 0.06853042 0.5614674
1 12 1 1 0.6424581 0.5929066 0.7746003 0.5549215 0.03254001 0.487389 0.1003457 0.6362778 0.1042632 0.5330646
1 12 2 1 0.9455307 0.7950934 0.4244763 0.5572991 0.04312077 0.2054065 0.1787967 0.5856898 0.1294032 0.5459244
1 12 3 1 0.9567039 0.8157998 0.1893521 0.5659534 0.04313886 0.08114222 0.2455023 0.5974612 0.07499381 0.5625916
1 13 1 1 0.646648 0.58626 0.714404 0.5561579 0.03238702 0.4679707 0.2085001 0.639678 0.09318983 0.5374733
1 13 2 1 0.9539106 0.8236776 0.3373987 0.5571089 0.0431721 0.1806899 0.1882657 0.5845936 0.1246294 0.5475341
1 13 3 1 0.9706704 0.8643794 0.1822847 0.5703757 0.04285055 0.09222477 0.2354389 0.604152 0.05534708 0.5658181
1 14 1 1 0.6424581 0.5800509 0.5314984 0.5575844 0.03215753 0.5376182 0.1813589 0.6450994 0.0824275 0.5351416
1 14 2 1 0.9455307 0.8086418 0.3829911 0.5586305 0.04320411 0.2564376 -0.1610902 0.5869534 0.1145414 0.5476114
1 14 3 1 0.9678771 0.8552038 0.1567451 0.570661 0.04310462 0.06474318 0.26218 0.6042224 0.05530022 0.5688401
1 15 1 1 0.9217877 0.7545991 0.01018183 0.6068949 0.04223433 0.003190244 0.4315088 0.6574035 0.002636877 0.6084469
1 15 2 1 0.9594972 0.8359059 0.5051586 0.5633381 0.04312356 0.325593 -0.1402056 0.5935211 0.08776568 0.5493726
1 15 3 1 0.9636872 0.8450987 0.1937141 0.5779363 0.04298148 0.07868241 0.2505615 0.6148658 0.03433468 0.5741786
1 16 1 1 0.9636872 0.8530489 0.262088 0.5665716 0.04315816 0.1157728 0.2238905 0.5981992 0.07381812 0.5607749
1 16 2 1 0.9692737 0.8651284 0.1983164 0.5746553 0.04301315 0.08266 0.2468605 0.6101886 0.04236626 0.5696625
1 16 3 1 0.9636872 0.8476014 0.2811932 0.5633856 0.04316763 0.129638 0.215453 0.5935784 0.08872704 0.5538982
1 17 1 1 0.8938547 0.7070633 0.09183521 0.5910604 0.04199114 0.121809 0.2286873 0.637869 0.02269209 0.5830394
1 17 2 1 0.972067 0.8823362 0.1587211 0.570661 0.04312388 0.06583087 -0.2610562 0.6043662 0.05474173 0.5650155
1 17 3 1 0.972067 0.8691281 0.3036746 0.5637185 0.04297381 0.1486352 0.2050152 0.594297 0.08584364 0.5535619
1 18 1 1 0.6634078 0.578585 0.7374019 0.5738469 0.03342425 0.495541 0.1617077 0.6615256 0.03892534 0.5516509
1 18 2 1 0.952514 0.809394 0.3704626 0.5524489 0.04313697 0.1606136 0.1982114 0.5785195 0.167107 0.5415211
1 18 3 1 0.9678771 0.8577304 0.1498955 0.5844508 0.04312839 0.05886324 0.2687744 0.6240202 0.02023817 0.5801742
1 19 1 1 0.9622905 0.8407634 0.192745 0.5732763 0.04303523 0.08579205 0.2434837 0.6082547 0.04703663 0.5697144
1 19 2 1 0.9553073 0.8208142 0.4067507 0.4855445 0.04304045 0.7287145 -0.05887266 0.4783973 0.7736523 0.5434844
1 19 3 1 0.9581006 0.8146885 0.2777773 0.5619591 0.04292739 0.1238646 -0.2150021 0.5926137 0.09749357 0.5540429
1 20 1 1 0.6438547 0.596896 0.7452955 0.5563481 0.0323604 0.4580558 0.2145175 0.6404841 0.09191783 0.535042
1 20 2 1 0.972067 0.8725558 0.251582 0.5679505 0.04311432 0.1112472 -0.2265129 0.6004225 0.06669085 0.5614909
1 20 3 1 0.9678771 0.8546891 0.2616659 0.5630528 0.04309334 0.12336 0.2165319 0.5933399 0.08868173 0.5562586
1 21 1 1 0.976257 0.8902471 0.1422381 0.5714218 0.04311473 0.0609805 0.2652765 0.6054077 0.05301441 0.5677867
1 21 2 1 0.9664804 0.8548943 0.3340493 0.5607228 0.04315093 0.1478493 0.2050283 0.5905725 0.1097177 0.548669
1 21 3 1 0.9706704 0.8694101 0.1460595 0.569805 0.04312347 0.06270137 0.2612693 0.6032172 0.05888651 0.5674985
1 22 1 1 0.948324 0.8063103 0.1985555 0.5680932 0.04270433 0.07670042 0.2563852 0.6021459 0.07370913 0.5643449
1 22 2 1 0.9692737 0.8639213 0.4973206 0.5573942 0.04313619 0.2480215 -0.1643097 0.5855984 0.1312501 0.5450364
1 22 3 1 0.9567039 0.8217455 0.06905929 0.5802187 0.04295704 0.02486217 0.3232921 0.6181512 0.02977085 0.5776861
1 23 1 1 0.972067 0.8669025 0.1200987 0.5757014 0.04298472 0.04589764 0.2844842 0.6116423 0.03909226 0.571776
1 23 2 1 0.9692737 0.8600054 0.2434528 0.5669995 0.04289699 0.1034441 0.2298898 0.5998863 0.07231032 0.5603703
1 23 3 1 0.9678771 0.8511515 0.1772186 0.5658583 0.04297887 0.06607919 0.2615972 0.59818 0.07827169 0.5609151
1 24 1 1 0.9469274 0.8071955 0.1103466 0.5736567 0.04272596 0.03824848 0.2978843 0.6099402 0.04944085 0.5714894
1 24 2 1 0.9622905 0.8477743 0.5564776 0.5545411 0.04314271 0.2960881 0.1486394 0.5812464 0.1522879 0.5401652
1 24 3 1 0.9692737 0.8672413 0.2777197 0.5596291 0.0431598 0.1264218 0.21734 0.5880694 0.111079 0.5503949
1 25 1 1 0.9664804 0.8498083 0.1605614 0.5857347 0.0429401 0.05775285 0.2674389 0.6277155 0.02325445 0.5820115
1 25 2 1 0.9594972 0.8270686 0.497182 0.5584403 0.04300692 0.2600129 -0.1587214 0.5874715 0.1203038 0.543653
1 25 3 1 0.9608939 0.8348873 0.2745607 0.5600095 0.04314099 0.1313393 0.2119844 0.5889753 0.105816 0.5513716
1 26 1 1 0.9567039 0.8225609 0.03888021 0.5817879 0.04290048 0.01599637 0.3414917 0.6208304 0.02494259 0.5772385
1 26 2 1 0.9594972 0.8301915 0.3157124 0.5608179 0.04309588 0.2604212 0.1577262 0.5900805 0.1021582 0.5478026
1 26 3 1 0.9553073 0.8073375 0.1229499 0.586971 0.04305009 0.05092743 0.2764022 0.6277669 0.01624242 0.5854712
1 27 1 1 0.9567039 0.8281935 0.04925756 0.5906324 0.04285502 0.01713419 0.3433622 0.6332306 0.01285008 0.58768
1 27 2 1 0.9594972 0.8320913 0.2607182 0.5613885 0.0431186 0.1052939 -0.230419 0.5913612 0.104099 0.5557014
1 27 3 1 0.9622905 0.8469464 0.1561964 0.5630528 0.04326927 0.0620564 0.2658217 0.5931725 0.09151281 0.5589558
1 28 1 1 0.972067 0.8702455 0.133095 0.5739895 0.04307157 0.05615176 0.2704038 0.60921 0.04439062 0.5704647
1 28 2 1 0.9636872 0.8390642 0.1136369 0.5712316 0.04315489 0.04516993 0.2843961 0.6053299 0.05425961 0.5670676
1 28 3 1 0.9748603 0.8831552 0.08866248 0.5883975 0.04314561 0.03155197 0.3061868 0.6299776 0.0144631 0.5842281
1 29 1 1 0.6452514 0.5983322 0.8701772 0.553923 0.0323352 0.6158117 0.1471945 0.6359491 0.1092413 0.5304105
1 29 2 1 0.9664804 0.8479144 0.2193208 0.5681408 0.04309812 0.1083646 0.2253065 0.600876 0.06527202 0.5615122
1 29 3 1 0.9636872 0.8403443 0.08308441 0.5856396 0.04311555 0.03265537 0.2999692 0.626301 0.01789752 0.5836204
1 30 1 1 0.646648 0.6056939 0.5021645 0.5594864 0.03188993 0.5091472 0.1945132 0.6500961 0.07068398 0.5377448
1 30 2 1 0.948324 0.8087093 0.1613473 0.5663814 0.04313674 0.07577454 0.2508001 0.5983618 0.07149023 0.5608682
1 30 3 1 0.9650838 0.8521139 0.2372962 0.568331 0.0431119 0.1042704 0.2309378 0.6009013 0.06500038 0.5620742
1 31 1 1 0.6494413 0.5865853 0.5191775 0.551593 0.03317954 0.3588305 0.2470337 0.6257825 0.1309113 0.5359791
1 31 2 1 0.9581006 0.8208508 0.1838255 0.5639087 0.04299319 0.07146172 0.255688 0.5951975 0.08839776 0.558202
1 31 3 1 0.9706704 0.8673327 0.3147784 0.5596767 0.043005 0.1723441 0.1929508 0.5882602 0.1095251 0.5523719
1 32 1 1 0.646648 0.5800973 0.7680642 0.5550642 0.03254967 0.4750123 0.2065128 0.6370528 0.1021731 0.5346808
1 32 2 1 0.9734637 0.8742798 0.3116788 0.5644318 0.04297092 0.1513594 0.2038269 0.5953154 0.0829125 0.5531483
1 32 3 1 0.9650838 0.8511333 0.2184451 0.569282 0.04302085 0.09653602 0.2337416 0.6024538 0.06007195 0.5657851
1 33 1 1 0.9427374 0.7869636 0.04269517 0.599049 0.04275177 0.01419864 0.3541806 0.6452018 0.006162615 0.5988048
1 33 2 1 0.9622905 0.8402046 0.08778774 0.5834047 0.04307593 0.03233269 0.3016298 0.6227713 0.02195757 0.5801625
1 33 3 1 0.9650838 0.8478493 0.3193243 0.564622 0.04299619 0.1651456 0.1951424 0.5954328 0.08127516 0.5569263
1 34 1 1 0.6438547 0.592596 0.7420939 0.5561579 0.03238356 0.4605569 0.2131242 0.6398767 0.09312701 0.5353063
1 34 2 1 0.9594972 0.825871 0.2922081 0.5699952 0.04310556 0.1554677 0.2013994 0.6033535 0.05874689 0.5614838
1 34 3 1 0.9650838 0.844645 0.2575332 0.5678554 0.04311365 0.1189062 0.2198727 0.6002538 0.0666076 0.5588376
1 35 1 1 0.6522346 0.5675598 0.7611756 0.5495483 0.03327155 0.4695945 0.1888675 0.6196827 0.1495953 0.531827
1 35 2 1 0.9636872 0.8426021 0.2466795 0.5708512 0.04287481 0.1085039 -0.2263073 0.6057802 0.05661733 0.5619155
1 35 3 1 0.9608939 0.8245403 0.3181602 0.565573 0.04295411 0.1495662 0.205126 0.5973364 0.0819614 0.5566542
1 36 1 1 0.9231844 0.7481964 0.0259085 0.59767 0.04245718 0.008323085 0.3853583 0.6438702 0.006944023 0.5953563
1 36 2 1 0.9636872 0.8411331 0.2174534 0.5767951 0.04299742 0.09842088 0.2346435 0.6132115 0.03578593 0.5735341
1 36 3 1 0.9664804 0.8526803 0.2351149 0.5707561 0.04305068 0.103045 0.2317905 0.6044188 0.055736 0.5653445
1 37 1 1 0.6480447 0.5896624 0.5897868 0.5541607 0.03288227 0.4326069 0.1131516 0.6320186 0.113875 0.53485
1 37 2 1 0.9581006 0.8242125 0.3290195 0.5697099 0.04310303 0.1402513 -0.2106118 0.603838 0.06424598 0.5617072
1 37 3 1 0.9664804 0.8564622 0.1855851 0.569282 0.04318826 0.07521918 0.2533979 0.6022232 0.06217753 0.5622222
1 38 1 1 0.9664804 0.8481925 0.1475776 0.5750357 0.04300889 0.06233312 0.2641652 0.6106892 0.04141979 0.5718631
1 38 2 1 0.9427374 0.7947944 0.4317415 0.5629577 0.04322371 0.2830513 -0.1536578 0.5932994 0.09013175 0.550254
1 38 3 1 0.9790503 0.8990729 0.2707443 0.5615311 0.04312356 0.1233245 0.2190984 0.5908386 0.09972322 0.5533819
1 39 1 1 0.9678771 0.8549056 0.2086391 0.570233 0.04304764 0.08569372 0.2448629 0.6036912 0.05893253 0.564512
1 39 2 1 0.9455307 0.7948995 0.3932506 0.559962 0.04324097 0.2244163 -0.1745498 0.5890353 0.1071228 0.5493284
1 39 3 1 0.9608939 0.8340196 0.1638469 0.5708036 0.04314798 0.06570597 0.2617636 0.6045627 0.05535842 0.565165
1 40 1 1 0.9608939 0.8325143 0.0605542 0.5817879 0.04305722 0.02091728 0.3290497 0.6206945 0.02558854 0.5804061
1 40 2 1 0.9469274 0.7993126 0.03474103 0.5809796 0.04308193 0.01275315 -0.352836 0.6197183 0.02638799 0.5798769
1 40 3 1 0.9636872 0.8428155 0.1467881 0.5704708 0.04316738 0.06161441 0.2649114 0.6041167 0.05705846 0.5657978
1 41 1 1 0.9678771 0.8537781 0.2008873 0.5655254 0.04318747 0.083782 0.2439099 0.5967856 0.07844204 0.5604491
1 41 2 1 0.952514 0.813881 0.7108696 0.5453638 0.04312821 0.4094218 -0.1169699 0.5685822 0.2389947 0.5286203
1 41 3 1 0.9706704 0.8740303 0.2951916 0.5568711 0.04322131 0.1213638 0.2204159 0.5846001 0.1347136 0.5507351
1 42 1 1 0.646648 0.5719391 0.1037479 0.5666667 0.03284305 0.2445916 0.3209312 0.6575281 0.04349191 0.553551
1 42 2 1 0.9567039 0.8294848 0.2726546 0.561864 0.04318613 0.1432029 0.2070104 0.591609 0.09585338 0.5527167
1 42 3 1 0.9692737 0.8603853 0.1851805 0.5735616 0.04303078 0.08909621 0.2402983 0.6086528 0.04483104 0.5676455
1 43 1 1 0.972067 0.871271 0.08927275 0.5812173 0.04290599 0.03077471 0.3092508 0.6198789 0.02696964 0.5771318
1 43 2 1 0.9455307 0.7858281 0.475695 0.5564907 0.04310686 0.2352964 0.1673844 0.5845714 0.1355216 0.5455725
1 43 3 1 0.9692737 0.8557443 0.2233181 0.5672373 0.04302012 0.09779142 0.2352562 0.5992953 0.06948011 0.5605518
1 44 1 1 0.9748603 0.8835436 0.4085904 0.5572515 0.04300102 0.1855736 0.1884847 0.5856653 0.1326105 0.5471137
1 44 2 1 0.9734637 0.8821193 0.2041878 0.5656205 0.04306799 0.0776513 0.2506175 0.5977257 0.08135087 0.5597036
1 44 3 1 0.9678771 0.8502635 0.4053424 0.5538279 0.0429927 0.1813277 0.1889177 0.5807098 0.1560927 0.542837
1 45 1 1 0.9567039 0.8246173 0.1229171 0.5769853 0.04302729 0.04467681 0.2841826 0.6135884 0.03701077 0.5730401
1 45 2 1 0.9678771 0.85351 0.2158925 0.5727532 0.04300838 0.09244246 0.2371141 0.6073188 0.04920337 0.5642472
1 45 3 1 0.9706704 0.8675552 0.2477471 0.5676177 0.04310804 0.107863 0.2267131 0.5998873 0.06867431 0.5618212
1 46 1 1 0.9581006 0.8199707 0.2197973 0.5739895 0.0428357 0.122471 0.2197123 0.6093266 0.04578022 0.5655176
1 46 2 1 0.9581006 0.8199357 0.2361376 0.5698526 0.0428963 0.1748019 0.1901715 0.6030384 0.05753706 0.5588847
1 46 3 1 0.952514 0.8031742 0.3688311 0.5706134 0.04309131 0.1874707 0.1857894 0.6046643 0.05865759 0.5608925
1 47 1 1 0.9594972 0.8244518 0.08498958 0.5757965 0.04292871 0.02843889 0.3114552 0.6128391 0.04227583 0.5731903
1 47 2 1 0.9469274 0.8034588 0.2426748 0.5661436 0.04317423 0.09794618 -0.2334948 0.599 0.07805206 0.5625387
1 47 3 1 0.9706704 0.8673771 0.123369 0.5746077 0.04301353 0.05410345 0.2721597 0.6100169 0.04185475 0.5709552
1 48 1 1 0.9622905 0.8365567 0.2291449 0.5711365 0.04303616 0.1194945 0.2217266 0.6047165 0.05491449 0.5638992
1 48 2 1 0.9678771 0.8566264 0.1941703 0.5684261 0.04296913 0.07381963 0.2536196 0.6018466 0.06799195 0.5633353
1 48 3 1 0.9650838 0.843078 0.2289133 0.5700903 0.04301309 0.1035205 0.2310049 0.6034046 0.05747078 0.5625795
1 49 1 1 0.9455307 0.7968429 0.1666306 0.5693295 0.04285318 0.06373298 0.2667942 0.6029162 0.06201424 0.5654417
1 49 2 1 0.9650838 0.8524888 0.3476231 0.5642891 0.04308879 0.1886739 -0.1853511 0.5950332 0.08241898 0.5542182
1 49 3 1 0.9650838 0.8484016 0.1902499 0.5655254 0.04317071 0.080247 0.2464014 0.5968675 0.07730207 0.5614621
2 0 1 1 0.6444444 0.324992 0.06443013 0.5519607 0.01850009 0.02991844 0.5932343 0.6786112 0.005025689 0.5488856
2 0 2 1 0.968254 0.8386126 1.619157e-05 0.6221043 0.02872108 8.155387e-06 0.4812923 0.7095413 2.931825e-06 0.6235127
2 0 3 1 0.9396825 0.7441263 0.001061594 0.6039213 0.02918127 0.0003310424 0.390493 0.674872 0.0001411113 0.6038438
2 1 1 1 0.6539683 0.4030714 0.3911032 0.5231655 0.0169231 0.2288443 0.3317566 0.6067483 0.1658344 0.5168384
2 1 2 1 0.9460317 0.774947 2.168331e-05 0.615407 0.028141 1.562493e-05 0.4661177 0.7006412 6.649249e-06 0.6166884
2 1 3 1 0.9492063 0.7858514 0.0001277568 0.5987447 0.02872518 0.002133347 0.449821 0.6651163 0.0001219915 0.5981095
2 2 1 1 0.6603175 0.427965 4.004507e-06 0.5244597 0.01655945 0.06310689 0.5054758 0.6151266 0.1475286 0.519056
2 2 2 1 0.9428571 0.7396507 1.851458e-05 0.5955416 0.0288227 0.0223705 0.3466319 0.6641833 0.000245376 0.5933601
2 2 3 1 0.9301587 0.7067725 3.997309e-05 0.6301928 0.0289608 1.153861e-05 0.4778671 0.7142401 5.286815e-07 0.6302815
2 3 1 1 0.9650794 0.8223612 2.919412e-05 0.5832794 0.02880265 0.02074158 0.3388298 0.6425801 0.001503944 0.5808284
2 3 2 1 0.8984127 0.6824706 7.165413e-07 0.6168629 0.02687139 2.79173e-06 0.5158182 0.7115745 1.134472e-06 0.617362
2 3 3 1 0.9428571 0.7501287 0.0001483455 0.5775527 0.02906498 0.04358016 0.2918026 0.6310266 0.003369566 0.5751685
2 4 1 1 0.8984127 0.6465309 1.827479e-06 0.6291575 0.0275161 1.622908e-06 0.5147841 0.7289205 1.406645e-07 0.6292067
2 4 2 1 0.9587302 0.7934249 2.695053e-05 0.6241103 0.02892628 1.09222e-05 0.4754799 0.7145414 2.023368e-06 0.624403
2 4 3 1 0.9492063 0.7704908 3.930874e-05 0.5891679 0.02906197 0.004491153 0.4137722 0.6492311 0.0005819064 0.588762
2 5 1 1 0.9269841 0.7524506 4.288669e-07 0.6352401 0.02753596 5.98126e-07 0.5452148 0.7319645 2.702084e-08 0.6350485
2 5 2 1 0.9111111 0.6448184 0.001530874 0.5947328 0.02831346 0.002489425 0.457737 0.6618053 0.0002882611 0.5931643
2 5 3 1 0.9333333 0.7379062 0.0004025414 0.6014624 0.02901799 0.001029627 0.4725526 0.6657502 9.139022e-05 0.6020226
2 6 1 1 0.9492063 0.7877793 4.529692e-06 0.629934 0.02836538 1.923943e-06 0.5177052 0.7173631 2.982845e-07 0.630876
2 6 2 1 0.9365079 0.7292618 0.0009461711 0.6043419 0.0287382 0.0002732836 0.3950679 0.6753317 9.617356e-05 0.6042916
2 6 3 1 0.9555556 0.7874774 7.092284e-07 0.6180277 0.02878789 0.0009993002 0.488936 0.6979698 2.100262e-06 0.6177684
2 7 1 1 0.9365079 0.7308279 4.419069e-05 0.6204866 0.02798546 0.0001216653 0.6671018 0.7155093 8.959032e-07 0.6200303
2 7 2 1 0.9365079 0.7246176 8.516824e-06 0.593568 0.0285657 0.02072938 0.3563183 0.6641308 0.0002840346 0.5924642
2 7 3 1 0.9238095 0.706518 0.0001467067 0.6198395 0.02924411 3.882175e-05 0.4516954 0.6925556 5.95692e-06 0.6214996
2 8 1 1 0.8984127 0.6614606 4.296814e-06 0.5899767 0.02740289 0.0163413 0.3481448 0.6578111 0.0003135783 0.5874705
2 8 2 1 0.9650794 0.8194537 2.026313e-05 0.6179953 0.02872596 1.71424e-05 0.4661294 0.7028921 6.264339e-06 0.6190917
2 8 3 1 0.9492063 0.7676039 0.0001049564 0.5917238 0.02894504 0.009074463 0.3785049 0.6538921 0.0004162119 0.5916413
2 9 1 1 0.8349206 0.5576141 0.003415186 0.5889414 0.02710166 0.002627532 0.6057475 0.6740562 0.0003851157 0.5882825
2 9 2 1 0.9492063 0.7656323 0.000197069 0.5898473 0.02886161 0.01165746 0.3821455 0.6540853 0.0005252796 0.5878776
2 9 3 1 0.9365079 0.7422732 6.426404e-05 0.6249191 0.02925801 2.196177e-05 0.4681806 0.7033604 3.092354e-06 0.6231165
2 10 1 1 0.9555556 0.8112602 2.947552e-05 0.6012683 0.02841975 0.001501069 0.507842 0.6781688 8.143164e-05 0.6018916
2 10 2 1 0.9079365 0.6747462 3.350812e-05 0.6157306 0.02791391 0.0006795958 0.4813987 0.6911073 3.125852e-06 0.6144996
2 10 3 1 0.9460317 0.776766 0.0004254027 0.5930827 0.02908502 0.008953045 0.3669056 0.6519121 0.0003531801 0.5918373
2 11 1 1 0.9555556 0.7980069 3.998691e-05 0.5875178 0.02848503 0.01060087 0.3801854 0.6500998 0.0007160838 0.5882704
2 11 2 1 0.8920635 0.6952542 3.970132e-06 0.6143393 0.02671199 7.929452e-06 0.4945149 0.707034 2.253022e-06 0.6149423
2 11 3 1 0.9555556 0.7932494 0.0001178098 0.6052802 0.02895243 0.001995162 0.4541171 0.6742741 5.043085e-05 0.6042036
2 12 1 1 0.8349206 0.586456 2.265935e-05 0.6212307 0.02672083 9.417325e-06 0.9232425 0.7316349 2.166354e-07 0.6208621
2 12 2 1 0.9619048 0.8213666 3.795925e-05 0.5937621 0.02877196 0.007788313 0.4065173 0.6613568 0.0003025875 0.5933417
2 12 3 1 0.9555556 0.7902578 1.056446e-05 0.5916915 0.02892107 0.01139334 0.3641458 0.6535792 0.0004543034 0.5918372
2 13 1 1 0.9650794 0.8236973 7.204724e-05 0.5900091 0.02872954 0.005734133 0.4101649 0.6533583 0.0004909222 0.5893387
2 13 2 1 0.9206349 0.6742431 0.0006614564 0.6077391 0.02854203 0.001763978 0.470024 0.6805119 3.439565e-05 0.6071024
2 13 3 1 0.9365079 0.753373 3.115877e-05 0.6111686 0.02930146 0.001446973 0.4667099 0.6828438 1.690945e-05 0.6102634
2 14 1 1 0.6634921 0.4772064 3.688293e-06 0.5147535 0.01582879 0.0809212 0.4993749 0.581512 0.3545066 0.5092199
2 14 2 1 0.9650794 0.8286275 3.534236e-05 0.6244338 0.02885643 1.028304e-05 0.4782365 0.7079502 2.066412e-06 0.6242093
2 14 3 1 0.9460317 0.7684177 0.0001798256 0.6076097 0.0286708 0.0006285455 0.4970887 0.6771444 3.626028e-05 0.6076734
2 15 1 1 0.9396825 0.7310673 7.99578e-05 0.6071244 0.02795279 0.001672107 0.5081229 0.6896552 2.004075e-05 0.6076222
2 15 2 1 0.9142857 0.7084772 0.001139589 0.5947328 0.02762321 0.000644815 0.3749885 0.6700743 0.0002744709 0.5942605
2 15 3 1 0.9206349 0.6911655 0.004129405 0.5950887 0.02916592 0.001215054 0.3541266 0.655187 0.0004739048 0.5947041
2 16 1 1 0.6539683 0.4224173 0.1737422 0.531157 0.01657456 0.1944431 0.3865024 0.6412214 0.06456035 0.5241532
2 16 2 1 0.9650794 0.8582368 6.12528e-07 0.6057979 0.02814364 0.002152945 0.4585715 0.6809382 2.829564e-05 0.6053537
2 16 3 1 0.9301587 0.7097007 0.0003793544 0.5875501 0.02914637 0.01150219 0.3585513 0.6442738 0.0009722737 0.5863607
2 17 1 1 0.9174603 0.7125012 9.078282e-06 0.6243044 0.02751265 9.183703e-06 0.4875471 0.7166385 5.125117e-07 0.6237011
2 17 2 1 0.9777778 0.8741741 6.73384e-06 0.6327488 0.02881938 4.496791e-06 0.4991077 0.7238896 2.594715e-07 0.6317561
2 17 3 1 0.9492063 0.7740626 0.0005110453 0.5919827 0.02903823 0.00956371 0.3761935 0.6533564 0.0004566263 0.5899664
2 18 1 1 0.9333333 0.7288351 2.167068e-06 0.6292222 0.02836835 1.995583e-06 0.5208677 0.7182037 4.443996e-07 0.6302036
2 18 2 1 0.9428571 0.7793182 1.002699e-06 0.6025948 0.02815736 0.001843041 0.4593085 0.6749476 4.680415e-05 0.6006252
2 18 3 1 0.9365079 0.7281091 0.0001015574 0.5899767 0.02888442 0.01088198 0.3678712 0.6508901 0.0006300703 0.5900751
2 19 1 1 0.9650794 0.8279688 2.908767e-06 0.6012359 0.02871619 0.006087797 0.4008888 0.6710037 8.2689e-05 0.6007494
2 19 2 1 0.9174603 0.671471 0.0005269109 0.5943122 0.02842398 0.001443642 0.4702661 0.6596188 0.0002360875 0.5940136
2 19 3 1 0.9396825 0.7470684 0.000179317 0.5985182 0.02896165 0.005541459 0.3943492 0.6617772 0.0001336796 0.5976332
2 20 1 1 0.6571429 0.4431359 0.0001438254 0.5265303 0.01614883 0.06511586 0.5537887 0.6291391 0.0999659 0.5234472
2 20 2 1 0.9460317 0.7543245 0.0006761835 0.5767762 0.02911834 0.03112862 0.3193188 0.6310326 0.003796973 0.5738971
2 20 3 1 0.9047619 0.64583 0.001965286 0.5977093 0.02949956 0.002856801 0.4216155 0.656506 0.0003271137 0.5958294
2 21 1 1 0.952381 0.7850243 3.127753e-05 0.6274104 0.02870024 1.114445e-05 0.4755185 0.7149252 9.340848e-07 0.6260403
2 21 2 1 0.9460317 0.7530032 0.0001638243 0.615407 0.02869085 0.0001050918 0.4210697 0.6976074 1.158796e-05 0.6136938
2 21 3 1 0.9492063 0.7811299 7.663183e-05 0.6074156 0.02903272 0.0009573517 0.4811851 0.6765206 2.326749e-05 0.6073447
2 22 1 1 0.647619 0.409636 0.4805729 0.5098033 0.01713764 0.7221726 0.1075632 0.5493142 0.5594483 0.502808
2 22 2 1 0.9555556 0.7862396 6.662792e-06 0.6037272 0.02881055 0.003189556 0.4487472 0.677323 5.188872e-05 0.6039034
2 22 3 1 0.9365079 0.7402802 4.575901e-05 0.5990682 0.02911243 0.001679687 0.458747 0.6640592 0.0001587606 0.5980489
2 23 1 1 0.7396825 0.4408707 1.114913e-05 0.5973858 0.02367049 3.551365e-05 0.4636208 0.7136971 5.286725e-06 0.5978888
2 23 2 1 0.9460317 0.7637712 2.559258e-07 0.6030154 0.02800944 0.002986162 0.4481282 0.6785594 4.999394e-05 0.6034524
2 23 3 1 0.9333333 0.7280162 0.000788708 0.5870001 0.02922549 0.01418395 0.3499922 0.643108 0.001062587 0.5864737
2 24 1 1 0.847619 0.5968277 0 0.6182218 0.02713739 7.455633e-06 0.9277684 0.7226082 1.157664e-06 0.6163429
2 24 2 1 0.9746032 0.8658535 5.225219e-06 0.5983241 0.02863911 0.003732113 0.4387182 0.6684783 0.0001464238 0.5973812
2 24 3 1 0.9746032 0.8599299 2.728055e-05 0.6218455 0.02874932 1.344021e-05 0.46926 0.7090364 3.096899e-06 0.6202508
2 25 1 1 0.9460317 0.7835458 9.284237e-06 0.5948298 0.02806462 0.008621589 0.3945141 0.6641281 0.0001897288 0.595446
2 25 2 1 0.9619048 0.8208762 0.0002309869 0.6042449 0.0285311 0.0001038257 0.4200154 0.6809299 8.821371e-05 0.6042979
2 25 3 1 0.9396825 0.7555543 0.0009629378 0.59978 0.02889943 0.0002994904 0.3941146 0.6649198 0.0002163851 0.5986316
2 26 1 1 0.9460317 0.7604921 1.415143e-05 0.5905267 0.02850497 0.01411247 0.3589364 0.6544832 0.0004795396 0.5889333
2 26 2 1 0.952381 0.7822129 7.55413e-05 0.596124 0.02870967 0.005048083 0.4172942 0.6629374 0.0001630288 0.5967039
2 26 3 1 0.9492063 0.7632495 9.598077e-07 0.6053772 0.02872534 0.008509184 0.3792953 0.6760381 3.416411e-05 0.6041833
2 27 1 1 0.9746032 0.8697167 4.333892e-05 0.6155041 0.02872302 2.205334e-05 0.4577589 0.6993522 1.115783e-05 0.6148201
2 27 2 1 0.9238095 0.7322409 3.047605e-06 0.6004918 0.02746744 0.006739286 0.4139648 0.6766379 5.16501e-05 0.5997781
2 27 3 1 0.9460317 0.7684177 1.001384e-05 0.6268604 0.02880058 3.445361e-06 0.5089428 0.7080679 1.143817e-06 0.6252585
2 28 1 1 0.647619 0.3941308 0.6833045 0.5109357 0.01689872 0.7319379 0.1069109 0.5555556 0.5123689 0.5021107
2 28 2 1 0.9301587 0.735306 3.099162e-05 0.595671 0.02799701 0.01129823 0.383407 0.6662544 0.000160105 0.5946133
2 28 3 1 0.9238095 0.69526 0.0001308288 0.6011389 0.02907852 0.004255236 0.4072574 0.6659588 9.203088e-05 0.6010223
2 29 1 1 0.9746032 0.8692893 4.324886e-05 0.5927915 0.02853772 0.008845239 0.3991018 0.6601855 0.0003426185 0.5918133
2 29 2 1 0.8730159 0.6132208 2.205857e-06 0.6137246 0.02675636 1.224675e-05 0.4834534 0.7062346 2.362398e-06 0.6137649
2 29 3 1 0.9301587 0.7118111 4.172173e-05 0.5859648 0.02910223 0.02812245 0.3104999 0.6420096 0.001202197 0.582499
2 30 1 1 0.9587302 0.7912907 0.0001098514 0.5929856 0.0287075 0.004092669 0.4393891 0.6600223 0.0003282721 0.5916518
2 30 2 1 0.8920635 0.6532724 2.519051e-06 0.6229132 0.02670597 4.666034e-06 0.5065822 0.7207113 2.495272e-07 0.6221985
2 30 3 1 0.9428571 0.7509507 0.0003149977 0.6091627 0.02891698 9.213457e-05 0.4240241 0.6840956 4.595971e-05 0.6091573
2 31 1 1 0.9714286 0.848498 3.215995e-05 0.6174453 0.028856 1.946178e-05 0.4641 0.7003311 9.119947e-06 0.6162876
2 31 2 1 0.8698413 0.633147 4.088183e-06 0.5864178 0.02604881 0.02128586 0.3455171 0.6616632 0.0002966981 0.5853653
2 31 3 1 0.9460317 0.7553778 8.306331e-05 0.590462 0.02915174 0.01426023 0.3596242 0.6521834 0.0005761799 0.5889774
2 32 1 1 0.8793651 0.6431459 2.960563e-08 0.6248544 0.0271979 6.248181e-07 0.9409393 0.7267599 1.839802e-07 0.6223937
2 32 2 1 0.9555556 0.8216894 3.290319e-05 0.5958651 0.02914854 0.005654326 0.4269917 0.665697 0.0002521607 0.5957364
2 32 3 1 0.9428571 0.7432269 1.152206e-05 0.6005241 0.02889275 0.00697629 0.3988222 0.6700613 0.0001503904 0.5999949
2 33 1 1 0.9396825 0.7674245 1.286359e-05 0.5969975 0.02798746 0.006967038 0.4078154 0.6685027 0.0001313272 0.5956973
2 33 2 1 0.9619048 0.8205703 1.682634e-06 0.6013977 0.02841942 0.003789097 0.4329757 0.6731131 7.572794e-05 0.6003229
2 33 3 1 0.9396825 0.7350893 1.767901e-05 0.5886825 0.02899045 0.010845 0.3699286 0.648816 0.0006667746 0.5887793
2 34 1 1 0.7555556 0.427459 4.095106e-05 0.5964475 0.02494294 9.052632e-05 0.8298306 0.7013514 1.91997e-05 0.596278
2 34 2 1 0.9587302 0.7999849 0.0002296559 0.5832147 0.02865847 0.01289902 0.3686899 0.6421937 0.001315086 0.5840056
2 34 3 1 0.9333333 0.7142678 0.001660972 0.5652905 0.02925065 0.06222694 0.2707777 0.610539 0.01441137 0.5638494
2 35 1 1 0.952381 0.775949 0.0002088599 0.6129481 0.02876558 9.638442e-05 0.4236638 0.6918426 2.253066e-05 0.6126477
2 35 2 1 0.9174603 0.7206844 0.0001114307 0.5726349 0.02755591 0.08715548 0.253945 0.6302833 0.004618587 0.5689808
2 35 3 1 0.952381 0.7811128 0.000128941 0.6200013 0.02910455 3.406823e-05 0.4514834 0.6986184 6.387714e-06 0.6197235
2 36 1 1 0.9460317 0.7604921 3.966322e-06 0.6243691 0.02840305 3.967529e-06 0.5022308 0.7115808 1.372068e-06 0.6243383
2 36 2 1 0.9555556 0.8180524 1.975767e-06 0.6030801 0.02840348 0.002047998 0.4483898 0.6731166 4.6348e-05 0.6038729
2 36 3 1 0.9333333 0.7319851 0.001945222 0.5980005 0.02930962 0.0007127796 0.3713106 0.6629721 0.0004062083 0.5996455
2 37 1 1 0.9492063 0.7657048 7.545824e-05 0.5826323 0.02861858 0.02586115 0.3280421 0.6419835 0.001601202 0.5814319
2 37 2 1 0.9365079 0.7446386 3.147143e-05 0.6074156 0.02808677 3.968501e-05 0.4472558 0.688088 3.225281e-05 0.6067877
2 37 3 1 0.9492063 0.7628169 0.000366929 0.575385 0.02891366 0.0417523 0.3028497 0.6297906 0.004641021 0.573776
2 38 1 1 0.9396825 0.7772001 2.634087e-06 0.6018507 0.02781385 0.003455419 0.4315302 0.6752394 4.365457e-05 0.6013057
2 38 2 1 0.952381 0.7976032 4.884818e-06 0.6016565 0.02835957 0.004336094 0.4300513 0.6742097 6.488133e-05 0.6021608
2 38 3 1 0.9301587 0.7230272 1.19756e-05 0.6267309 0.02864732 4.177949e-06 0.5020252 0.7076662 7.97357e-07 0.6268385
2 39 1 1 0.9619048 0.8266946 5.370144e-05 0.6161512 0.02845904 2.647594e-05 0.4547173 0.6997218 8.462861e-06 0.615856
2 39 2 1 0.9555556 0.8105241 5.822052e-05 0.6089038 0.02831746 4.58307e-05 0.4413795 0.6896474 3.013221e-05 0.6094791
2 39 3 1 0.9333333 0.742663 0.0003239962 0.6118157 0.02900183 0.0001082772 0.4228016 0.6809045 2.294378e-05 0.6111609
2 40 1 1 0.6634921 0.4433088 4.066999e-05 0.5194772 0.0165277 0.02678129 0.536614 0.5960371 0.2164239 0.5182222
2 40 2 1 0.9650794 0.828575 1.162601e-05 0.5932768 0.0285791 0.01345137 0.3611417 0.6587704 0.0003022835 0.5938757
2 40 3 1 0.9460317 0.7655457 9.771302e-05 0.6191601 0.02896535 2.860968e-05 0.4548427 0.6967301 6.213643e-06 0.6191623
2 41 1 1 0.8888889 0.644063 7.980894e-06 0.6177365 0.02694394 1.143674e-05 0.4821091 0.7100462 1.36946e-06 0.6189105
2 41 2 1 0.9587302 0.7992561 8.314789e-05 0.6134981 0.028699 6.1738e-05 0.4311446 0.698686 1.538066e-05 0.6134129
2 41 3 1 0.9333333 0.7293291 9.788679e-05 0.602983 0.02900036 0.001772313 0.4592791 0.6706702 0.0001047241 0.6027441
2 42 1 1 0.9365079 0.7704397 1.441155e-06 0.6303222 0.02776889 1.841013e-06 0.5183338 0.7247153 1.322682e-07 0.6294342
2 42 2 1 0.9174603 0.6975111 1.936408e-06 0.584153 0.02768121 0.03569149 0.3108641 0.6485035 0.001047283 0.5824475
2 42 3 1 0.9396825 0.7344616 1.714255e-06 0.6047302 0.028779 0.005781752 0.3947266 0.6735285 5.303119e-05 0.604786
2 43 1 1 0.9746032 0.8773534 4.050445e-06 0.6011065 0.0284454 0.003681841 0.438019 0.6729386 8.113239e-05 0.5994386
2 43 2 1 0.9301587 0.7558277 4.545145e-05 0.5865472 0.02773111 0.01375972 0.3733548 0.6527698 0.0006588281 0.5851422
2 43 3 1 0.952381 0.7874397 0.0005122888 0.5932768 0.02886536 0.003708963 0.4292128 0.6564264 0.0003416617 0.5934535
2 44 1 1 0.9492063 0.782318 2.226953e-05 0.5956063 0.02831443 0.005833649 0.4113827 0.6638562 0.000174 0.5956935
2 44 2 1 0.9269841 0.7123661 5.016642e-05 0.587259 0.02817926 0.01324908 0.3678718 0.6506536 0.0006471805 0.5869283
2 44 3 1 0.9396825 0.7426529 0.0001265848 0.6217161 0.02898855 3.510775e-05 0.4486498 0.7032753 3.971419e-06 0.6229529
2 45 1 1 0.6634921 0.4361678 3.398425e-09 0.5285039 0.01656546 0.009679327 0.6760809 0.6311866 0.08181056 0.5265984
2 45 2 1 0.9238095 0.7012688 0.0001805538 0.581597 0.0278916 0.01629333 0.3610666 0.6440155 0.001431469 0.5813235
2 45 3 1 0.9428571 0.75407 0.0002105724 0.6034684 0.02891841 0.0008100934 0.4869803 0.6703613 6.098201e-05 0.6041793
2 46 1 1 0.9619048 0.8167761 1.374849e-05 0.6225249 0.02847575 1.032608e-05 0.474025 0.7119194 1.749188e-06 0.6205606
2 46 2 1 0.9142857 0.6655962 1.262214e-05 0.6347871 0.02817494 2.570134e-05 0.6360094 0.7224359 2.46391e-08 0.635525
2 46 3 1 0.9238095 0.69526 0.0002031023 0.6216837 0.02912005 6.050632e-05 0.4360975 0.6988156 4.855036e-06 0.6212225
2 47 1 1 0.6603175 0.427965 3.990913e-06 0.5178595 0.01630618 0.0557921 0.5340896 0.5919866 0.2637378 0.5139968
2 47 2 1 0.952381 0.7754565 2.065209e-06 0.6047625 0.02859802 0.001976819 0.4592483 0.6775609 3.779055e-05 0.6038402
2 47 3 1 0.9301587 0.7110463 5.960456e-05 0.5906238 0.02875053 0.003244128 0.4246528 0.6514218 0.000503012 0.5908149
2 48 1 1 0.9619048 0.8201711 5.896652e-06 0.5954122 0.02844759 0.01338148 0.366245 0.6633784 0.0002303611 0.5936089
2 48 2 1 0.9333333 0.7659777 1.31667e-06 0.6302575 0.02766271 1.909226e-06 0.519789 0.7254902 1.102687e-07 0.6302997
2 48 3 1 0.9396825 0.7471709 0.0002538455 0.6193219 0.02917127 6.383801e-05 0.4360296 0.6963791 7.541382e-06 0.6181992
2 49 1 1 0.9746032 0.8609462 3.563296e-05 0.5907856 0.02883615 0.004088285 0.4258219 0.6545154 0.0004717287 0.5921395
2 49 2 1 0.9492063 0.7593108 3.745827e-06 0.5991976 0.02854904 0.003720176 0.4288889 0.6683875 0.0001080531 0.5994143
2 49 3 1 0.9460317 0.7670142 6.747506e-05 0.5984535 0.0289745 0.002067557 0.4418097 0.6619478 0.000159312 0.597065
3 0 1 1 0.778169 0.5510357 0.007092617 0.61888 0.03767198 0.006092583 -0.3560869 0.6784485 0.0001931116 0.6194929
3 0 2 1 0.9471831 0.8021376 0.1131751 0.5127754 0.03878494 0.7771268 -0.04551887 0.5192837 0.7634268 0.5171929
3 0 3 1 0.8697183 0.6478964 0.02660124 0.5179009 0.03840371 0.4786994 -0.1200949 0.5267349 0.6790437 0.5074727
3 1 1 1 0.8239437 0.5644076 0.08728444 0.5148409 0.03854142 0.434623 -0.1280173 0.5222755 0.7283807 0.5094949
3 1 2 1 0.8380282 0.5996238 0.05669953 0.5855263 0.03863738 0.04235199 -0.2747032 0.626183 0.009996474 0.5830231
3 1 3 1 0.8978873 0.6688481 0.1608097 0.5096389 0.03884568 0.4815481 -0.1102434 0.5145609 0.8196928 0.5141558
3 2 1 1 0.8873239 0.6400656 0.02824028 0.5215728 0.03865408 0.366981 -0.1492564 0.5322544 0.6164626 0.5038924
3 2 2 1 0.9507042 0.7939176 0.103697 0.5290698 0.03888595 0.2655509 -0.1739947 0.5438032 0.4874869 0.5096465
3 2 3 1 0.9330986 0.7389466 0.06999022 0.6074816 0.03884834 0.02247791 -0.3246456 0.6610907 0.001278933 0.6068158
3 3 1 1 0.6197183 0.4031619 0.9882723 0.5190483 0.03261037 0.8793211 0.03910451 0.5436995 0.5560364 0.5046905
3 3 2 1 0.943662 0.7855304 0.09650578 0.5225673 0.03887335 0.2774012 -0.1689292 0.5340386 0.5904778 0.5042556
3 3 3 1 0.9471831 0.7942894 0.06736233 0.5974602 0.03882025 0.02097761 -0.3206306 0.6462491 0.003465517 0.5972918
3 4 1 1 0.5915493 0.3490617 0.6377419 0.5011475 0.03571278 0.3879686 -0.1092141 0.502157 0.9745746 0.51618
3 4 2 1 0.9471831 0.7904356 0.1593027 0.5195073 0.03882461 0.8351861 -0.03306999 0.5291971 0.6433626 0.5078263
3 4 3 1 0.9295775 0.7422468 0.08848563 0.5306763 0.03885232 0.2588745 -0.1775961 0.5458067 0.4645322 0.5116425
3 5 1 1 0.6478873 0.4087663 0.9689717 0.500459 0.03492363 0.8000414 -0.06140202 0.5009597 0.9892943 0.5217553
3 5 2 1 0.9119718 0.7017731 0.06652767 0.5180539 0.03884574 0.4600599 -0.1165781 0.5271851 0.6652568 0.5072623
3 5 3 1 0.9225352 0.7162151 0.1411486 0.5241738 0.03877009 0.4965591 -0.108732 0.5367153 0.5641959 0.5003889
3 6 1 1 0.5669014 0.3329877 0.05591126 0.504743 0.03637337 0.9416068 -0.01557084 0.5086753 0.8978438 0.5232384
3 6 2 1 0.943662 0.7733357 0.1029078 0.4900551 0.03887784 0.9212662 0.01544219 0.4849044 0.8102954 0.5416585
3 6 3 1 0.9014085 0.6794763 0.1325987 0.5904223 0.03873481 0.07603032 -0.240818 0.6372708 0.007386297 0.5873407
3 7 1 1 0.6021127 0.3396761 0.8633876 0.5090269 0.03598458 0.7728089 -0.06310556 0.5175672 0.7911107 0.5135708
3 7 2 1 0.8697183 0.6570372 0.06610334 0.5993727 0.03855608 0.02467677 -0.3047789 0.6477273 0.002658932 0.5986749
3 7 3 1 0.9295775 0.7485063 0.1015578 0.5945532 0.03878691 0.04954299 -0.2675242 0.6423475 0.005108945 0.5938026
3 8 1 1 0.6161972 0.3742022 0.9417382 0.4977815 0.03583717 0.9955057 0.001224175 0.4957012 0.9478677 0.5262053
3 8 2 1 0.8133803 0.57393 0.08918914 0.5196603 0.03838836 0.3498199 -0.1566574 0.5295736 0.6491041 0.50228
3 8 3 1 0.9049296 0.699712 0.03770851 0.6097766 0.03871635 0.01227804 -0.3483892 0.6635535 0.0008260221 0.6114156
3 9 1 1 0.6514085 0.4084581 0.07470777 0.5093329 0.03586927 0.6436136 -0.1084518 0.5183527 0.789934 0.5141799
3 9 2 1 0.8943662 0.6699014 0.04420266 0.5244798 0.03880207 0.1574158 -0.2241313 0.5367529 0.5655369 0.50979
3 9 3 1 0.8309859 0.5865346 0.05263886 0.5873623 0.03867925 0.02289685 -0.3103231 0.6289777 0.009097252 0.5867015
3 10 1 1 0.5739437 0.3899019 0.1591868 0.564336 0.03807181 0.2841966 0.1736815 0.5975808 0.09604373 0.5482999
3 10 2 1 0.8943662 0.6623885 0.05718574 0.5944002 0.03878631 0.02539473 -0.313377 0.640327 0.003878154 0.593444
3 10 3 1 0.9542254 0.8307636 0.05642013 0.6017442 0.03890599 0.017089 -0.3463408 0.653944 0.003076964 0.60136
3 11 1 1 0.5176056 0.240193 0.985528 0.5108629 0.0285557 0.8632118 -0.05006303 0.5349409 0.6799025 0.5063655
3 11 2 1 0.528169 0.3772173 0.1255484 0.5688494 0.03866739 0.4300462 0.120049 0.6015837 0.0862646 0.5479151
3 11 3 1 0.7042254 0.450753 0.01103143 0.5527081 0.03881665 0.1197476 -0.2101393 0.5771812 0.1065632 0.5473327
3 12 1 1 0.5880282 0.3276904 0.4165885 0.4895196 0.03644208 0.5920384 -0.07214004 0.4823681 0.7626399 0.5302475
3 12 2 1 0.721831 0.4458961 0.4750371 0.5484241 0.03869396 0.3651431 0.1303567 0.572744 0.2001356 0.5324108
3 12 3 1 0.7676056 0.4910563 0.0524594 0.4797277 0.03880307 0.8761589 -0.0248752 0.470068 0.6401275 0.550975
3 13 1 1 0.6514085 0.4104317 0.6068808 0.5042075 0.03563482 0.9561658 0.01240188 0.5082317 0.9055236 0.5183544
3 13 2 1 0.943662 0.7890495 0.1396272 0.5856793 0.03888172 0.116961 -0.2177894 0.6296553 0.01311972 0.5824181
3 13 3 1 0.9577465 0.8311775 0.110206 0.5888923 0.03885442 0.06875024 -0.2501558 0.633832 0.009795807 0.5869612
3 14 1 1 0.5633803 0.3718197 0.0307279 0.5877448 0.03811131 0.1142057 0.2665747 0.6305936 0.03167324 0.5773451
3 14 2 1 0.6338028 0.3714471 0.01698368 0.5369492 0.03864454 0.2248935 -0.1603021 0.554382 0.2630554 0.5287869
3 14 3 1 0.6584507 0.4040736 0.02929988 0.5367197 0.03882341 0.2129577 -0.1680427 0.5541301 0.2708004 0.5280636
3 15 1 1 0.6760563 0.4669165 0.1304221 0.5089504 0.03722989 0.4203855 -0.1519491 0.5145249 0.831408 0.5174444
3 15 2 1 0.7711268 0.5256334 0.009288958 0.5443696 0.03854199 0.759635 0.05080748 0.5648376 0.2991504 0.5156034
3 15 3 1 0.915493 0.7200837 0.05924873 0.6002142 0.03881007 0.01847699 -0.329563 0.6496917 0.00265224 0.5990877
3 16 1 1 0.8028169 0.5698413 0.01778642 0.5171359 0.0381098 0.4014278 -0.1455769 0.5256674 0.6942916 0.5081828
3 16 2 1 0.7042254 0.455975 0.009204339 0.5771114 0.03858279 0.0352084 -0.2805083 0.6125865 0.01886136 0.5759772
3 16 3 1 0.8274648 0.5914344 0.03460019 0.6123011 0.03838734 0.01063606 -0.3506746 0.6675029 0.00070103 0.6119095
3 17 1 1 0.5950704 0.4340728 0.400473 0.501989 0.0372288 0.5470505 -0.1137072 0.5035318 0.9574632 0.5238087
3 17 2 1 0.9401408 0.7647088 0.1076628 0.5170594 0.03887921 0.5688794 -0.08892509 0.5256645 0.6856455 0.5089404
3 17 3 1 0.943662 0.7734086 0.124538 0.5144584 0.03886509 0.9717643 -0.005583022 0.521789 0.7317185 0.5164926
3 18 1 1 0.9295775 0.7470254 0.1419357 0.5145349 0.03880095 0.4754092 -0.1135165 0.5218886 0.73231 0.5098663
3 18 2 1 0.943662 0.7773298 0.09974234 0.5263158 0.03880921 0.286956 -0.1698865 0.5395189 0.5366889 0.5059454
3 18 3 1 0.8239437 0.5846825 0.04508142 0.6009027 0.03846072 0.01589909 -0.3274822 0.6491744 0.00236572 0.5981696
3 19 1 1 0.834507 0.5903395 0.02235478 0.5237913 0.03829672 0.3028857 -0.1766354 0.5357962 0.5802618 0.5024171
3 19 2 1 0.8732394 0.6481328 0.02719727 0.5147644 0.03855779 0.4466158 -0.1266399 0.5220455 0.733754 0.5097503
3 19 3 1 0.8415493 0.6064083 0.03100467 0.6022797 0.03850718 0.01682191 -0.3248566 0.6512311 0.001997626 0.5990358
3 20 1 1 0.6830986 0.4330224 0.01051378 0.5639535 0.03835192 0.2978956 0.1721989 0.5931296 0.1424367 0.5448759
3 20 2 1 0.915493 0.7192578 0.4911897 0.5859088 0.03844745 0.5165176 -0.090254 0.6308444 0.01186066 0.5680149
3 20 3 1 0.8239437 0.5713669 0.1031845 0.4648103 0.038506 0.9978013 -0.0004569917 0.4484629 0.4201017 0.5639065
3 21 1 1 0.6338028 0.3533071 0.8761275 0.5013005 0.03506619 0.6046203 -0.1251426 0.5026907 0.9695685 0.5191595
3 21 2 1 0.8767606 0.6515807 0.04457206 0.5091799 0.03875302 0.5291638 -0.1000312 0.5138349 0.827591 0.5163504
3 21 3 1 0.9295775 0.7512026 0.0883293 0.5195838 0.0387653 0.4053002 -0.1336733 0.5293849 0.6472255 0.5030265
3 22 1 1 0.6478873 0.4147528 0.6653294 0.5286108 0.03575796 0.3652555 -0.2138217 0.5568354 0.4123702 0.5132233
3 22 2 1 0.9507042 0.8139071 0.1830431 0.5949357 0.03880036 0.1017379 -0.2246366 0.6430216 0.004643132 0.58823
3 22 3 1 0.6971831 0.4418113 0.01640988 0.5503366 0.0383501 0.6583571 0.07517276 0.5735129 0.2357897 0.5220406
3 23 1 1 0.6091549 0.4054065 0.5342717 0.5177479 0.03694595 0.2660471 -0.2148799 0.531427 0.6326213 0.5010797
3 23 2 1 0.7394366 0.4995513 0.01215448 0.5424572 0.03795696 0.7180272 0.06413755 0.5627264 0.3306231 0.5140745
3 23 3 1 0.8556338 0.5919986 0.01878555 0.5103274 0.03858324 0.3779032 -0.1454194 0.5154616 0.8101698 0.5130838
3 24 1 1 0.5598592 0.3983948 0.1119903 0.5524786 0.03724968 0.3429936 0.176068 0.5831109 0.2042592 0.5345883
3 24 2 1 0.9471831 0.7899553 0.1815788 0.5836903 0.03890441 0.1091108 -0.2227551 0.6261811 0.01643431 0.5781419
3 24 3 1 0.943662 0.7878664 0.08073365 0.5203488 0.03889251 0.3708516 -0.1385227 0.5306403 0.6244731 0.5004368
3 25 1 1 0.665493 0.4695762 0.1827972 0.494033 0.03684413 0.8156619 0.04764069 0.4896298 0.8784049 0.5347273
3 25 2 1 0.7852113 0.5207466 0.2172108 0.4713127 0.03875974 0.8603964 -0.02788592 0.4577306 0.5025829 0.5587974
3 25 3 1 0.7359155 0.4380972 0.04884775 0.5771114 0.0387679 0.1252073 -0.2074641 0.6133963 0.0179184 0.5713987
3 26 1 1 0.6232394 0.4118508 0.6461367 0.5465881 0.03710043 0.3822938 -0.1075455 0.5782854 0.1756582 0.5326785
3 26 2 1 0.7429577 0.4520948 0.7192318 0.5464351 0.03816879 0.427008 -0.1121085 0.570927 0.1991087 0.5287398
3 26 3 1 0.8908451 0.6750017 0.07280229 0.5068849 0.0387312 0.5662556 -0.09161713 0.5104143 0.8708278 0.51961
3 27 1 1 0.7957746 0.5448755 0.03818945 0.6019737 0.03834879 0.01593715 -0.321071 0.6510995 0.001994343 0.6011521
3 27 2 1 0.7288732 0.4761291 0.002381301 0.6169676 0.03832881 0.004200851 -0.3865053 0.669849 0.0001574542 0.6176506
3 27 3 1 0.9577465 0.8252643 0.04993512 0.5989902 0.03890369 0.01519808 -0.3510388 0.6489533 0.003984542 0.598995
3 28 1 1 0.7570423 0.4975357 0.03476948 0.5122399 0.03764045 0.4818245 -0.1288322 0.5192078 0.777241 0.5132925
3 28 2 1 0.9366197 0.7578101 0.06368969 0.5241738 0.03881484 0.3067406 -0.161255 0.5364117 0.564245 0.5036759
3 28 3 1 0.9049296 0.7011647 0.1514398 0.5896573 0.03871646 0.07006198 -0.2455377 0.6360473 0.007865575 0.5858864
3 29 1 1 0.7887324 0.502885 0.4330164 0.5409272 0.03833008 0.1960334 -0.1820049 0.5645783 0.2495735 0.5284646
3 29 2 1 0.9577465 0.8254674 0.1331248 0.5108629 0.03880866 0.9191235 -0.01622029 0.5164104 0.7966558 0.519427
3 29 3 1 0.9225352 0.7355636 0.1054686 0.5168299 0.03877691 0.3889366 -0.1381955 0.5253615 0.6921583 0.505709
3 30 1 1 0.6795775 0.4778672 0.7292596 0.5180539 0.03576181 0.7274648 -0.08223451 0.5359318 0.6062433 0.5044739
3 30 2 1 0.8732394 0.6219707 0.04691937 0.5119339 0.0386833 0.3842062 -0.1418485 0.5179757 0.7800977 0.5102102
3 30 3 1 0.8133803 0.5721302 0.111014 0.5854498 0.03855714 0.04849328 -0.2694504 0.6270455 0.009774878 0.582709
3 31 1 1 0.6161972 0.3644342 0.3286086 0.5361077 0.0380596 0.3409348 -0.1214047 0.5557656 0.3015782 0.5227887
3 31 2 1 0.6091549 0.3844609 0.008776417 0.5314412 0.03864571 0.3459202 -0.1247588 0.5463129 0.3415892 0.5209758
3 31 3 1 0.9542254 0.8263532 0.191474 0.5231793 0.03889262 0.5933144 -0.08205401 0.5352668 0.5731915 0.5020531
3 32 1 1 0.8133803 0.522824 0.03495558 0.5885098 0.03832394 0.009773267 -0.340426 0.635091 0.008386997 0.587901
3 32 2 1 0.7605634 0.5086062 0.01040522 0.4971695 0.0381981 0.5759339 -0.09676533 0.4957811 0.9477572 0.5298651
3 32 3 1 0.8274648 0.5612413 0.0205948 0.5145349 0.03847662 0.2936264 -0.1739326 0.5219087 0.7315693 0.5093785
3 33 1 1 0.7570423 0.4978216 0.004115186 0.6013617 0.03820386 0.01298495 -0.3231374 0.6484428 0.001474121 0.6011962
3 33 2 1 0.9471831 0.7969416 0.1529427 0.5967717 0.03869575 0.1226518 -0.2095219 0.6447188 0.003630928 0.5897273
3 33 3 1 0.8802817 0.6723286 0.0567281 0.5967717 0.03830145 0.02410399 -0.2997727 0.6456512 0.003539969 0.5951131
3 34 1 1 0.5211268 0.3728239 0.5062457 0.5470471 0.03802165 0.4988612 0.1136406 0.5729563 0.2368233 0.5275926
3 34 2 1 0.7253521 0.4593693 0.008622882 0.5787179 0.03862205 0.08300428 -0.2310044 0.6148016 0.01515349 0.5732918
3 34 3 1 0.7676056 0.5055002 0.003548558 0.6040392 0.03846051 0.01662948 -0.317476 0.652067 0.001119874 0.603934
3 35 1 1 0.6725352 0.4655188 0.9971148 0.4970165 0.03571399 0.9377956 -0.009250592 0.4941967 0.9339065 0.527982
3 35 2 1 0.9612676 0.834117 0.2430838 0.5917228 0.0387964 0.09553997 -0.235823 0.6379945 0.007507099 0.5881279
3 35 3 1 0.9507042 0.8036229 0.1141319 0.5220318 0.03878795 0.4075411 -0.1321803 0.5331042 0.5996082 0.5005272
3 36 1 1 0.6584507 0.4499063 0 0.5282283 0.03577165 0.5109362 -0.07743307 0.5546045 0.403261 0.5101812
3 36 2 1 0.7112676 0.4586324 0.001834242 0.6054162 0.03833236 0.00609892 -0.3646107 0.6533927 0.0007728454 0.6066549
3 36 3 1 0.9049296 0.7171904 0.04809875 0.5223378 0.0386995 0.3040732 -0.167427 0.5333941 0.6048738 0.5003361
3 37 1 1 0.6619718 0.4299775 0.9904087 0.5072674 0.03568834 0.8879513 -0.03333348 0.5147059 0.8339045 0.5153844
3 37 2 1 0.9647887 0.8579144 0.2502391 0.5157589 0.03880222 0.6382593 -0.07487936 0.5238975 0.7098452 0.5100319
3 37 3 1 0.9612676 0.8365198 0.1156571 0.504896 0.03888745 0.4914287 -0.1070418 0.5074388 0.9067867 0.5207594
3 38 1 1 0.6690141 0.4589124 0.4228529 0.5218788 0.03569391 0.4224977 -0.1896833 0.5436834 0.5307787 0.5038671
3 38 2 1 0.806338 0.5557867 0.1509249 0.4736077 0.03852545 0.766085 -0.04943266 0.4610331 0.5434764 0.5576398
3 38 3 1 0.7957746 0.5431083 0.09989088 0.5812424 0.03860114 0.07199471 -0.2491306 0.6205489 0.01363884 0.5770659
3 39 1 1 0.6690141 0.4717428 0.4239788 0.5195838 0.03587351 0.5455104 -0.1322548 0.53881 0.575302 0.5011907
3 39 2 1 0.9542254 0.8179211 0.1293411 0.5906518 0.03890917 0.04591377 -0.2871477 0.6361341 0.007901327 0.5903317
3 39 3 1 0.9401408 0.7728985 0.09570141 0.5924878 0.03890538 0.03092119 -0.3075815 0.6395295 0.006992258 0.5918668
3 40 1 1 0.6690141 0.449943 0.7171331 0.5107099 0.03591497 0.6899228 -0.09117741 0.5212541 0.7591751 0.5100315
3 40 2 1 0.9366197 0.765362 0.05960292 0.5117809 0.03881202 0.9131172 -0.01733438 0.5176981 0.7792807 0.5173581
3 40 3 1 0.9330986 0.7526173 0.02736361 0.5299878 0.03885529 0.1608944 -0.2182849 0.5448733 0.4772613 0.5137632
3 41 1 1 0.665493 0.4549029 0.6331037 0.5221083 0.03576439 0.4437785 -0.1767826 0.5440462 0.5258039 0.5048256
3 41 2 1 0.7464789 0.4631929 0.1546997 0.5707619 0.03882392 0.1269635 -0.2084059 0.6044204 0.03257086 0.5665146
3 41 3 1 0.8098592 0.5627562 0.08795255 0.5393207 0.03858294 0.8358849 0.03394684 0.5576793 0.3627006 0.5107159
3 42 1 1 0.9014085 0.6871942 0.109507 0.5867503 0.03877851 0.05320229 -0.2638589 0.6305498 0.01064258 0.5852539
3 42 2 1 0.7887324 0.5401529 0.2340413 0.5377142 0.03851206 0.7919215 0.04319409 0.5557065 0.387242 0.5107869
3 42 3 1 0.9542254 0.8175593 0.1080605 0.4884486 0.03891116 0.9188044 0.0157112 0.4824074 0.7794114 0.5414312
3 43 1 1 0.7429577 0.4660844 0.02486093 0.5320532 0.03825534 0.6994327 0.06691762 0.5475865 0.4491794 0.5021381
3 43 2 1 0.9295775 0.7274104 0.1744996 0.5960067 0.03886894 0.06384331 -0.2636631 0.6443015 0.00446742 0.5935423
3 43 3 1 0.8873239 0.6444231 0.04410389 0.6076346 0.03872776 0.01376362 -0.3417461 0.661246 0.001084715 0.6049698
3 44 1 1 0.6795775 0.5087356 0.5279365 0.494798 0.03590791 0.9069581 0.02697256 0.4896738 0.8798766 0.528586
3 44 2 1 0.9577465 0.8486088 0.2353899 0.5133109 0.03884833 0.8235316 -0.03504856 0.5201288 0.7520813 0.5156926
3 44 3 1 0.971831 0.8848543 0.1135769 0.5899633 0.03888957 0.06439458 -0.2570612 0.6358181 0.009245672 0.5864827
3 45 1 1 0.6725352 0.4752794 0.9903133 0.5118574 0.0357456 0.887165 -0.03341575 0.5238095 0.7343984 0.5113862
3 45 2 1 0.943662 0.774668 0.2824421 0.5824663 0.03887541 0.198502 -0.1770916 0.6247976 0.01758187 0.5734622
3 45 3 1 0.9507042 0.8191565 0.2378222 0.5854498 0.03889059 0.1303969 -0.2123504 0.6297586 0.01422855 0.5781342
3 46 1 1 0.9119718 0.7208331 0.04942063 0.5161414 0.03877285 0.4513457 -0.1214542 0.524223 0.7038772 0.5079772
3 46 2 1 0.7359155 0.4826689 0.005281988 0.5803244 0.03842698 0.1746649 0.2322809 0.6183586 0.05492799 0.567206
3 46 3 1 0.75 0.501396 0.06473702 0.5786414 0.03868959 0.1113623 -0.2227777 0.6162187 0.01317369 0.5736677
3 47 1 1 0.6302817 0.3905012 0.675642 0.5113219 0.03636566 0.6144605 -0.1040026 0.5214512 0.7439988 0.5081129
3 47 2 1 0.5880282 0.3420267 0.05781566 0.5722154 0.03842382 0.1611165 0.215529 0.6075257 0.06677746 0.5617272
3 47 3 1 0.8908451 0.6598413 0.07201957 0.501071 0.03866788 0.6986521 -0.06210368 0.5017127 0.9787382 0.5283314
3 48 1 1 0.5669014 0.326388 0.8495442 0.4873776 0.03649291 0.7348562 -0.04169259 0.4780527 0.7204804 0.5358569
3 48 2 1 0.8485915 0.5829109 0.07456405 0.5794829 0.03861633 0.03025197 -0.2947717 0.6197605 0.02003176 0.5767946
3 48 3 1 0.8204225 0.5314537 0.06364729 0.5025245 0.03859736 0.4334756 -0.1282153 0.5038919 0.9514693 0.521723
3 49 1 1 0.7535211 0.5139285 0.05881084 0.5237913 0.03773773 0.4776306 -0.1291611 0.5372671 0.5676128 0.503175
3 49 2 1 0.9471831 0.800489 0.1698192 0.5182834 0.03887582 0.3129534 -0.1554648 0.5276243 0.6640268 0.5003489
3 49 3 1 0.8028169 0.5486033 0.1700756 0.4856946 0.0384694 0.9282014 -0.01492524 0.4789688 0.7465449 0.5419376
4 0 1 1 0.6372093 0.4560269 0.7877697 0.5455924 0.02913996 0.5017785 0.1466461 0.6025962 0.1147667 0.5295524
4 0 2 1 0.9604651 0.8209174 0.04588839 0.5829458 0.03478511 0.03003212 0.3124987 0.630331 0.01026343 0.5795543
4 0 3 1 0.955814 0.8299535 0.02550578 0.5856247 0.03501394 0.01650138 0.3413183 0.6331706 0.007649239 0.5838741
4 1 1 1 0.6372093 0.4560269 0.2097593 0.5668722 0.02872248 0.2194553 0.2823801 0.6488739 0.01772044 0.5566774
4 1 2 1 0.9302326 0.7496266 0.08085056 0.5671249 0.03431505 0.1274677 0.2272531 0.6101949 0.0408955 0.560243
4 1 3 1 0.9511628 0.8216042 0.0388054 0.5876466 0.03510214 0.01397941 0.3494357 0.6347921 0.006311107 0.5867271
4 2 1 1 0.6069767 0.3919072 0.0006895275 0.5777901 0.03028323 0.1170449 0.3418355 0.658095 0.007597027 0.5701483
4 2 2 1 0.9255814 0.7289838 0.008517868 0.5857258 0.03394694 0.001409881 0.4215388 0.6509266 0.008313114 0.5851471
4 2 3 1 0.9348837 0.7363652 0.02444839 0.5723817 0.03481448 0.02283609 0.3284622 0.6155584 0.02274973 0.5712609
4 3 1 1 0.6023256 0.4072174 0.2174761 0.4577942 0.03117602 0.7904986 -0.05290557 0.4139285 0.1738252 0.5605736
4 3 2 1 0.955814 0.8052203 0.06357273 0.5682875 0.03467256 0.02108649 0.2949448 0.6103302 0.03495023 0.5663986
4 3 3 1 0.9255814 0.7479709 0.04132836 0.5483219 0.03508791 0.04264247 0.2628385 0.5749725 0.135927 0.5477717
4 4 1 1 0.6186047 0.4147976 0.2017575 0.4622422 0.03132733 0.9642166 -0.007695039 0.4257564 0.2178441 0.5582636
4 4 2 1 0.9186047 0.6871954 0.1480377 0.5485241 0.03457686 0.1775516 0.1972612 0.5786535 0.1286638 0.5383134
4 4 3 1 0.927907 0.7340203 0.1620046 0.5520117 0.03522659 0.2899452 0.1438298 0.5795349 0.1152762 0.538751
4 5 1 1 0.644186 0.4136308 5.201824e-07 0.5479681 0.0272675 0.4150114 0.1942951 0.6166913 0.08680253 0.5328989
4 5 2 1 0.9209302 0.7235397 0.01125657 0.559442 0.03452413 0.1100412 0.2391228 0.5989856 0.05761467 0.5549259
4 5 3 1 0.9255814 0.7215366 0.06206279 0.5701577 0.03491615 0.05587808 0.2708262 0.6085186 0.04672718 0.5655815
4 6 1 1 0.627907 0.4014089 0.6780001 0.5637889 0.0277175 0.3915697 0.2047395 0.6497269 0.02181862 0.5503804
4 6 2 1 0.9511628 0.793135 0.01012472 0.5882026 0.03436249 0.02089051 0.3515862 0.6450325 0.006192863 0.5873316
4 6 3 1 0.9534884 0.8228641 0.008995002 0.6056915 0.03494087 0.004321268 0.4081765 0.6633292 0.001113361 0.6052032
4 7 1 1 0.6162791 0.4375868 0.0003654977 0.5755156 0.02970694 0.1122548 0.3549232 0.6586559 0.00831104 0.5691695
4 7 2 1 0.8860465 0.6228963 0.1902722 0.5394258 0.03438348 0.07007708 0.222995 0.5644444 0.2406792 0.5341307
4 7 3 1 0.9465116 0.8022528 0.06623989 0.5458451 0.03505676 0.06783358 0.2218084 0.5701021 0.1509689 0.5419757
4 8 1 1 0.6069767 0.4106346 0.2260071 0.5690457 0.02978831 0.1419531 0.3057013 0.6426182 0.01489784 0.5608842
4 8 2 1 0.944186 0.7760893 0.1076631 0.5695006 0.03501629 0.07850661 0.2527183 0.6080719 0.02959002 0.5629236
4 8 3 1 0.9325581 0.7576297 0.04900225 0.5766276 0.03520303 0.06923675 0.2521311 0.6171004 0.01987793 0.5733132
4 9 1 1 0.6069767 0.4240073 0.2780122 0.5584311 0.03053402 0.4930025 0.1413449 0.6209137 0.05109889 0.541256
4 9 2 1 0.8209302 0.503085 0.1586731 0.5591387 0.03379536 0.08887361 0.2675478 0.6006197 0.07805437 0.5542602
4 9 3 1 0.9348837 0.7567953 0.1837524 0.5464011 0.03509532 0.1198687 0.2186097 0.5717415 0.167771 0.5388499
4 10 1 1 0.6534884 0.4637686 0.6029766 0.5414982 0.02834986 0.8556492 0.03818154 0.5974335 0.1500956 0.5214348
4 10 2 1 0.9581395 0.8270416 0.06804483 0.5690457 0.03478798 0.06072604 0.2748593 0.6097679 0.0282095 0.5655556
4 10 3 1 0.9325581 0.7494895 0.1062703 0.5660635 0.03492211 0.06793986 0.260584 0.602673 0.06200966 0.5622026
4 11 1 1 0.6534884 0.4764912 0.8291199 0.5393753 0.02850242 0.7751848 0.06591721 0.5921364 0.1738199 0.5182795
4 11 2 1 0.9581395 0.8153065 0.04608909 0.568237 0.03461154 0.01225702 0.3245449 0.611322 0.03503574 0.5683535
4 11 3 1 0.9627907 0.8334927 0.03285703 0.5712697 0.034846 0.05538008 0.2761119 0.6134643 0.02888638 0.5673122
4 12 1 1 0.6186047 0.41588 0.7984426 0.5408916 0.0300319 0.6016605 0.1113122 0.5873084 0.1766168 0.5242637
4 12 2 1 0.9581395 0.818407 0.04541695 0.5717246 0.0345255 0.03013356 0.3300602 0.6170002 0.0216529 0.5672849
4 12 3 1 0.9395349 0.7709705 0.08109947 0.5548928 0.03512523 0.0597705 0.2360642 0.5843974 0.09001392 0.5505346
4 13 1 1 0.6139535 0.4105306 0.210656 0.5576729 0.0298991 0.2634622 0.2454242 0.6231102 0.04671848 0.5468576
4 13 2 1 0.9581395 0.8134013 0.02489472 0.5751617 0.03462541 0.009562891 0.3259421 0.6217812 0.0200292 0.5742009
4 13 3 1 0.9348837 0.7651485 0.01861915 0.5569147 0.0351091 0.02545534 0.2741261 0.5868356 0.07818251 0.5546155
4 14 1 1 0.6511628 0.4719805 0.762747 0.5475131 0.02855739 0.5503367 0.132731 0.6087057 0.09683785 0.5301912
4 14 2 1 0.9674419 0.8453789 0.009176901 0.5861808 0.03469807 0.00210388 0.3911912 0.6390069 0.007951499 0.5854186
4 14 3 1 0.9581395 0.8282473 0.05127891 0.5867368 0.03494706 0.02198558 0.3264128 0.6338909 0.008297786 0.58449
4 15 1 1 0.6209302 0.4174347 0.4885169 0.5618682 0.02914681 0.2679539 0.2526079 0.6363434 0.02998242 0.549699
4 15 2 1 0.9186047 0.6964348 0.1092226 0.559998 0.03476737 0.05599851 0.2776515 0.5934204 0.09526725 0.555447
4 15 3 1 0.9209302 0.7184961 0.03849914 0.5791549 0.03510249 0.01434944 0.3478869 0.621144 0.01853227 0.5777479
4 16 1 1 0.6186047 0.4621444 0.4932635 0.5560049 0.03047537 0.4840165 0.1497478 0.6169628 0.06135113 0.5383683
4 16 2 1 0.9511628 0.8109611 0.04877653 0.562778 0.03453739 0.1093374 0.2393259 0.6027193 0.05281392 0.5563254
4 16 3 1 0.9674419 0.8690227 0.04297445 0.5547918 0.03500401 0.03450019 0.2656653 0.5853428 0.08723096 0.5540027
4 17 1 1 0.6348837 0.4304212 0.5015641 0.5387687 0.02991553 0.8288034 0.04320952 0.5828646 0.1911349 0.5179326
4 17 2 1 0.8883721 0.630025 0.2571257 0.5336636 0.03392803 0.2909803 0.1671322 0.5572362 0.3294068 0.5201889
4 17 3 1 0.944186 0.7623343 0.1708152 0.5410938 0.03472804 0.08891581 0.2188137 0.5650783 0.2237622 0.5348947
4 18 1 1 0.6372093 0.4522892 0.3804898 0.5455924 0.02910219 0.7142136 0.07886569 0.6028304 0.1171535 0.5270844
4 18 2 1 0.9232558 0.7202687 0.05584886 0.5679337 0.03438778 0.04889082 0.2938825 0.6110558 0.03452142 0.5651017
4 18 3 1 0.9488372 0.7853259 0.01976127 0.5760716 0.03477557 0.04179045 0.2925335 0.6205788 0.02085383 0.5709146
4 19 1 1 0.6418605 0.4298411 0.7683245 0.548423 0.02861808 0.4733352 0.1667172 0.6114086 0.09174221 0.5313603
4 19 2 1 0.8860465 0.6340868 0.2176715 0.5414982 0.03411051 0.2451432 0.178716 0.5691016 0.2342772 0.530506
4 19 3 1 0.9581395 0.8249851 0.01431518 0.5892641 0.03503399 0.01170645 0.3532842 0.6375839 0.006144924 0.5873811
4 20 1 1 0.6418605 0.4302198 0.7995132 0.5509503 0.02828515 0.5105404 0.1530748 0.6178538 0.07389054 0.5331097
4 20 2 1 0.9395349 0.7662124 0.4100314 0.5420036 0.03433076 0.4886007 0.1041884 0.5687282 0.2039512 0.5251898
4 20 3 1 0.9418605 0.7558953 0.1921422 0.5714719 0.03484683 0.07317002 0.2679012 0.6116828 0.03222391 0.5674211
4 21 1 1 0.5906977 0.4136344 0.7200284 0.552871 0.03087666 0.4274724 0.1736725 0.6098947 0.08119072 0.5363683
4 21 2 1 0.9116279 0.6856934 0.3218474 0.5518095 0.03428979 0.1325034 0.1908766 0.5851188 0.10168 0.5453057
4 21 3 1 0.9302326 0.7493337 0.1120346 0.5680853 0.03512901 0.1506034 0.1995886 0.605 0.04040851 0.5579973
4 22 1 1 0.6395349 0.4115247 0.2581799 0.5563587 0.02766398 0.164607 0.3263001 0.6338942 0.03762551 0.5475223
4 22 2 1 0.9139535 0.6894666 0.02795987 0.5622725 0.03412616 0.009728908 0.3202964 0.6036248 0.06495449 0.561696
4 22 3 1 0.9372093 0.7439973 0.08201933 0.5647493 0.03493619 0.05321284 0.2762542 0.6001876 0.07420759 0.5615174
4 23 1 1 0.627907 0.4327987 0.4967817 0.5646987 0.02957416 0.2883279 0.2227093 0.6362668 0.02394774 0.5506114
4 23 2 1 0.9604651 0.8180555 0.03720142 0.5794076 0.0347856 0.009597073 0.3316201 0.6278539 0.01342303 0.5796494
4 23 3 1 0.9627907 0.8369234 0.0581337 0.5709664 0.03501426 0.07153361 0.2537037 0.6103671 0.02917668 0.5652393
4 24 1 1 0.6395349 0.4691254 0.6060799 0.5580267 0.02922699 0.372087 0.2006617 0.626826 0.04362872 0.5426956
4 24 2 1 0.9325581 0.7411162 0.1828231 0.5571674 0.0347201 0.2094121 0.1804792 0.590741 0.08195832 0.5481415
4 24 3 1 0.9651163 0.8698801 0.03502072 0.5922463 0.03500963 0.01216763 0.3577009 0.6419888 0.004644055 0.5894157
4 25 1 1 0.655814 0.4746932 0.7120033 0.5424586 0.0282744 0.7154507 0.08346562 0.5999047 0.1381201 0.5218934
4 25 2 1 0.9581395 0.8136826 0.01333816 0.579256 0.03470476 0.03950066 0.2960609 0.6268657 0.01248439 0.5766263
4 25 3 1 0.9488372 0.7902842 0.01851224 0.5805196 0.03490854 0.03329181 0.3039336 0.6269968 0.01260154 0.5784245
4 26 1 1 0.6116279 0.4325935 0.3813619 0.5780934 0.02999904 0.1968492 0.2844859 0.6610276 0.007077264 0.5704434
4 26 2 1 0.9116279 0.7137688 0.1404429 0.5592903 0.03441833 0.1138 0.2397444 0.5957829 0.08994449 0.5515362
4 26 3 1 0.9465116 0.7944822 0.01796522 0.59907 0.03505996 0.01003863 0.3639444 0.6503615 0.003343498 0.5987714
4 27 1 1 0.6093023 0.3947236 0.371521 0.5659118 0.02994288 0.3353778 0.1886505 0.6370137 0.02283729 0.5544201
4 27 2 1 0.9162791 0.6937962 0.06169423 0.5522645 0.03408104 0.07572413 0.2691838 0.5872319 0.1259862 0.5480634
4 27 3 1 0.9325581 0.7490264 0.07227531 0.5838051 0.03514937 0.04610816 0.2750688 0.6274057 0.0129745 0.5808118
4 28 1 1 0.5976744 0.425864 0.2751858 0.5570158 0.03119368 0.1244963 0.2866728 0.6112537 0.0480339 0.5522477
4 28 2 1 0.9534884 0.8000934 0.008064676 0.5847655 0.03475943 0.00204799 0.3956824 0.6365862 0.008583979 0.5855012
4 28 3 1 0.9395349 0.8045133 0.05003579 0.5701577 0.03523437 0.04853381 0.2723953 0.6076815 0.03354394 0.5671331
4 29 1 1 0.6348837 0.4216719 0.4111746 0.5585321 0.02890312 0.1943591 0.2982737 0.6318669 0.03718668 0.549337
4 29 2 1 0.9069767 0.6754789 0.1313804 0.5441266 0.0341828 0.04256815 0.2513207 0.573564 0.1888261 0.5387375
4 29 3 1 0.9511628 0.7863113 0.03609584 0.5804185 0.03474592 0.01490291 0.3573128 0.6271024 0.01323097 0.5811426
4 30 1 1 0.6395349 0.4686493 0.5618403 0.5570158 0.02925373 0.3244933 0.2140547 0.6242558 0.0459971 0.5457503
4 30 2 1 0.9093023 0.6827017 0.249921 0.54352 0.03438493 0.3240525 0.1481631 0.5708176 0.2126888 0.5292506
4 30 3 1 0.9302326 0.7469945 0.194776 0.5733421 0.03494429 0.09308355 0.2443183 0.6142316 0.02660267 0.5689117
4 31 1 1 0.6511628 0.4719805 0.8767142 0.5479175 0.02846932 0.6108404 0.1180676 0.6104502 0.09636433 0.5299186
4 31 2 1 0.9534884 0.8156073 0.07752731 0.5522139 0.03459135 0.2203553 0.1770717 0.5843137 0.1116061 0.5413858
4 31 3 1 0.9627907 0.8411056 0.02836189 0.594723 0.03493729 0.0144362 0.3474404 0.645684 0.003729725 0.5954773
4 32 1 1 0.6302326 0.4305758 0.7435337 0.5582794 0.02920092 0.4528415 0.1709825 0.628228 0.04567897 0.5410438
4 32 2 1 0.8930233 0.6593075 0.006246829 0.5459968 0.03408524 0.2438141 0.1742929 0.5799472 0.1648299 0.5354039
4 32 3 1 0.9511628 0.7993213 0.06361255 0.5669733 0.03499277 0.05361533 0.2742381 0.6034402 0.05753984 0.560867
4 33 1 1 0.6302326 0.4657174 0.6575775 0.5522645 0.02996247 0.3687157 0.1895356 0.6102925 0.07834466 0.5384017
4 33 2 1 0.9627907 0.8368303 0.009723278 0.5846644 0.03446524 0.002372822 0.3935501 0.6409911 0.009027602 0.5828954
4 33 3 1 0.9465116 0.781589 0.01954068 0.5924484 0.03492768 0.008855031 0.3811155 0.6425113 0.005819151 0.5906763
4 34 1 1 0.5953488 0.417127 0.4173074 0.5469066 0.03013687 0.7930142 0.05545404 0.6002162 0.1170954 0.5274913
4 34 2 1 0.9372093 0.7466078 0.07483627 0.5649009 0.03476662 0.09011016 0.2435596 0.6022329 0.05177152 0.5572813
4 34 3 1 0.9418605 0.7881268 0.02304718 0.5777901 0.03485687 0.0425273 0.2907324 0.62288 0.01996551 0.5742037
4 35 1 1 0.6255814 0.4395703 0.1090091 0.5849677 0.02921592 0.04429905 0.4349081 0.6785031 0.001749585 0.5816558
4 35 2 1 0.9465116 0.7888514 0.01004077 0.5877982 0.03435003 0.001859214 0.3947712 0.6475285 0.006220466 0.5874513
4 35 3 1 0.9604651 0.8418222 0.02157366 0.559998 0.03497859 0.02710434 0.2707734 0.5926562 0.06061421 0.5576341
4 36 1 1 0.6232558 0.4366429 0.2716029 0.5628285 0.02961843 0.2788438 0.2418506 0.6348241 0.03078622 0.5517177
4 36 2 1 0.9139535 0.696672 0.1424657 0.5463506 0.03441854 0.0451504 0.2477664 0.5755337 0.1644672 0.5405572
4 36 3 1 0.9325581 0.7569954 0.05543596 0.5477659 0.03514346 0.02751317 0.2779452 0.5724593 0.1333413 0.5465964
4 37 1 1 0.6232558 0.427022 0.624511 0.5519612 0.03027527 0.5489105 0.1219504 0.6088154 0.08200051 0.5348825
4 37 2 1 0.9465116 0.7751969 0.1556501 0.5630813 0.03450789 0.05198791 0.2485485 0.6042924 0.05139472 0.5597613
4 37 3 1 0.9348837 0.7435796 0.09250933 0.5695006 0.03479001 0.0810862 0.2502215 0.6101043 0.03572402 0.5650559
4 38 1 1 0.6325581 0.44153 0.4509018 0.5537303 0.02975911 0.483881 0.1415092 0.6142427 0.06775048 0.5380583
4 38 2 1 0.9255814 0.7364616 0.10038 0.555095 0.03434277 0.02920581 0.2691259 0.5921363 0.1001978 0.5531092
4 38 3 1 0.9418605 0.7824641 0.05876637 0.5617671 0.03510674 0.02535439 0.2823714 0.5955779 0.05297387 0.5605795
4 39 1 1 0.6255814 0.4339283 0.5443962 0.5644966 0.02982528 0.2841792 0.2382742 0.6369892 0.02728593 0.5529904
4 39 2 1 0.944186 0.7928239 0.1362283 0.5374545 0.03479437 0.2682997 0.1601454 0.5596714 0.2676996 0.5240584
4 39 3 1 0.9372093 0.779077 0.07756009 0.5731905 0.03522627 0.0660359 0.2522403 0.6112481 0.02807815 0.5697295
4 40 1 1 0.6209302 0.4388954 0.2535968 0.5623231 0.03027642 0.2676862 0.2412381 0.6299578 0.03267651 0.5502705
4 40 2 1 0.9395349 0.7689383 0.1417215 0.5487262 0.0347389 0.04632223 0.2469904 0.5775281 0.144668 0.5465251
4 40 3 1 0.9325581 0.7722463 0.05977961 0.5531237 0.03527688 0.07921919 0.2194534 0.5807296 0.09796724 0.5491442
4 41 1 1 0.6209302 0.4402842 0.2330335 0.5598463 0.03040294 0.5162421 0.1331965 0.6235122 0.04435148 0.5417281
4 41 2 1 0.9465116 0.7757547 0.0280334 0.5723817 0.03453119 0.0245538 0.3332539 0.617846 0.0233538 0.5695886
4 41 3 1 0.9511628 0.7920946 0.03542526 0.5578245 0.03487097 0.02218957 0.2882734 0.5903348 0.07518173 0.5548058
4 42 1 1 0.6372093 0.4558296 0.4076568 0.5568136 0.02911038 0.5840252 0.112257 0.625531 0.04997567 0.5397115
4 42 2 1 0.9325581 0.7412726 0.02947093 0.5828447 0.03430321 0.006515336 0.340597 0.6414638 0.009372102 0.5827828
4 42 3 1 0.944186 0.7778627 0.02050042 0.5793571 0.03502044 0.02533127 0.3156737 0.6237154 0.01094397 0.5786181
4 43 1 1 0.6465116 0.479917 0.6673 0.5515568 0.0294601 0.381419 0.1885408 0.6119534 0.07285647 0.5381942
4 43 2 1 0.9209302 0.7340186 0.08337198 0.5548423 0.03476605 0.1107354 0.2345802 0.5872402 0.1043171 0.5498102
4 43 3 1 0.927907 0.7363504 0.1132719 0.5527194 0.03502094 0.08638379 0.2461295 0.5820848 0.115292 0.5466306
4 44 1 1 0.644186 0.4671911 0.5659054 0.5537808 0.02896385 0.4081235 0.1860925 0.6200045 0.05937763 0.5380437
4 44 2 1 0.9581395 0.8207037 0.00843412 0.5688941 0.034357 0.04571279 0.2926668 0.6145167 0.02906802 0.5679462
4 44 3 1 0.9372093 0.7573791 0.01929728 0.5829458 0.03482759 0.02899167 0.3137965 0.6310819 0.01167438 0.5806069
4 45 1 1 0.6534884 0.4340715 0.6573126 0.5472604 0.02788299 0.5110989 0.1506983 0.6114558 0.09310739 0.5311189
4 45 2 1 0.9465116 0.7796849 0.136734 0.5529721 0.03458186 0.09729326 0.240718 0.5842173 0.1222999 0.5455197
4 45 3 1 0.9418605 0.7644646 0.1316645 0.5542863 0.03489378 0.08048414 0.2506284 0.5844749 0.1238098 0.5485833
4 46 1 1 0.6465116 0.4634191 0.4677664 0.5648504 0.02850436 0.2311124 0.2775732 0.6464808 0.01937346 0.5539411
4 46 2 1 0.9418605 0.7606379 0.03774079 0.5750607 0.03484972 0.01787654 0.2898872 0.619017 0.02139462 0.5716741
4 46 3 1 0.9395349 0.7508951 0.02136818 0.5864335 0.03497793 0.01701075 0.3408385 0.6347977 0.006408108 0.584302
4 47 1 1 0.6186047 0.4404813 0.3146435 0.5841589 0.02949046 0.1592952 0.3131011 0.6753905 0.003019965 0.5739388
4 47 2 1 0.9348837 0.7646881 0.06695612 0.5486252 0.03476474 0.02486445 0.2796176 0.576368 0.1397299 0.5464414
4 47 3 1 0.9232558 0.7279891 0.08238378 0.5857258 0.03514189 0.02614848 0.3142297 0.6286452 0.01719735 0.5838108
4 48 1 1 0.5930233 0.4258892 0.3166929 0.5631824 0.03055573 0.2327247 0.1319738 0.6308176 0.03360919 0.5531412
4 48 2 1 0.9372093 0.7506481 0.04509242 0.562778 0.0345654 0.0603518 0.2736886 0.6013723 0.0624227 0.5584011
4 48 3 1 0.9325581 0.7415548 0.03928798 0.5812273 0.03503197 0.02919364 0.3093729 0.6256467 0.01062092 0.5774125
4 49 1 1 0.5930233 0.4416616 0.531727 0.5618682 0.0304692 0.2675791 0.2437481 0.628903 0.03736086 0.5496575
4 49 2 1 0.9255814 0.72128 0.2426407 0.5471088 0.03484392 0.2068539 0.179798 0.5737342 0.1703146 0.5341111
4 49 3 1 0.9581395 0.8269922 0.02613952 0.5692479 0.03505415 0.01870612 0.2976127 0.6069753 0.03209919 0.5669267
5 0 1 1 0.8135593 0.5672283 0.4732173 0.5626683 0.03151725 0.2202286 0.1296026 0.6237192 0.03323815 0.5535362
5 0 2 1 0.9293785 0.7380545 0.05954087 0.4898038 0.03308664 0.4589832 -0.1065628 0.4832581 0.7738692 0.5286698
5 0 3 1 0.9350282 0.749149 0.0562492 0.570556 0.03359234 0.01738928 -0.3399734 0.609976 0.0173289 0.5696266
5 1 1 1 0.8079096 0.5537312 0.2969089 0.5576664 0.03145838 0.2029612 0.133347 0.6147525 0.05135877 0.5473376
5 1 2 1 0.9039548 0.6608136 0.534832 0.4759523 0.0330996 0.9960154 -0.0007296588 0.4602497 0.4844043 0.5467983
5 1 3 1 0.9350282 0.7381536 0.2654253 0.5646402 0.03347815 0.1124707 -0.2278035 0.6021309 0.03167173 0.5608218
5 2 1 1 0.8050847 0.5558164 0.5877859 0.5535783 0.03140996 0.3137951 0.1049518 0.607473 0.07000284 0.5392102
5 2 2 1 0.9265537 0.7288425 0.2569735 0.571566 0.03332521 0.1082675 -0.2275382 0.6132277 0.01795957 0.5647827
5 2 3 1 0.9152542 0.6833658 0.5731357 0.5519431 0.03343294 0.3094472 -0.1463636 0.5825302 0.09578571 0.5397898
5 3 1 1 0.7937853 0.5006554 0.8103841 0.5452578 0.03157117 0.5194717 0.06767495 0.5896217 0.1316452 0.5283768
5 3 2 1 0.9378531 0.7341445 0.5844406 0.5351097 0.0335108 0.3013299 -0.1464873 0.5554541 0.2557837 0.5242845
5 3 3 1 0.8785311 0.6370078 0.4067996 0.4756637 0.03384972 0.6852763 -0.05229512 0.461919 0.4839348 0.5453035
5 4 1 1 0.8305085 0.582719 0.3029222 0.5516064 0.03180315 0.2020437 0.136085 0.5960336 0.084136 0.5420001
5 4 2 1 0.9067797 0.6627902 0.2265726 0.5476145 0.03315282 0.1118695 -0.2324955 0.5792166 0.08336809 0.5426739
5 4 3 1 0.9124294 0.6835518 0.176126 0.5426125 0.0335034 0.07048072 -0.2612402 0.5674277 0.1625012 0.5394989
5 5 1 1 0.8220339 0.5731381 0.6536342 0.5605521 0.03191116 0.3579721 0.09754681 0.6158514 0.04589672 0.5468563
5 5 2 1 0.9350282 0.7599061 0.1887243 0.5769527 0.03294069 0.07579382 -0.2755657 0.6272481 0.007721914 0.5746954
5 5 3 1 0.8644068 0.6344511 0.4372254 0.5455945 0.03401413 0.7527727 0.04060993 0.5706013 0.1941863 0.5224562
5 6 1 1 0.8248588 0.57192 0.4328405 0.5611293 0.03173619 0.1915442 0.2466292 0.6195754 0.0362603 0.5536235
5 6 2 1 0.9152542 0.691376 0.1071613 0.458157 0.03294424 0.755591 -0.04634988 0.4291287 0.1770775 0.5619539
5 6 3 1 0.8983051 0.6304688 0.03953208 0.5820989 0.03355131 0.01215888 -0.3500969 0.6281415 0.003500016 0.5818841
5 7 1 1 0.8135593 0.6112035 0.2760018 0.5557907 0.03145341 0.2916827 0.1100751 0.6106667 0.05980689 0.5428746
5 7 2 1 0.920904 0.7122188 0.3459344 0.5657945 0.03292795 0.1500486 -0.2182877 0.6083916 0.02307772 0.5592173
5 7 3 1 0.9435028 0.7694221 0.199582 0.562476 0.03343858 0.08706637 -0.2494416 0.5984503 0.03853813 0.5581632
5 8 1 1 0.799435 0.530837 0.8263323 0.5468449 0.0314127 0.5558923 -0.06135598 0.5939546 0.1155775 0.5286881
5 8 2 1 0.9378531 0.7578562 0.1571351 0.4795114 0.03315077 0.5489482 -0.09036429 0.4663754 0.5570485 0.542446
5 8 3 1 0.8898305 0.6292289 0.4300078 0.5492016 0.03358909 0.2021171 -0.179021 0.5766063 0.1130486 0.5397649
5 9 1 1 0.7966102 0.5039791 0.1537467 0.5627645 0.03133899 0.1522937 0.3008815 0.6269178 0.03209156 0.5560583
5 9 2 1 0.8926554 0.6363944 0.214559 0.5643998 0.03282093 0.08211483 -0.2728239 0.6112404 0.0127008 0.561999
5 9 3 1 0.8841808 0.6041513 0.1417084 0.490429 0.03332692 0.5901395 -0.0768572 0.4845754 0.7799828 0.5303705
5 10 1 1 0.8163842 0.5365003 0.603078 0.548384 0.03161492 0.3952417 0.09083793 0.5959634 0.105825 0.5352668
5 10 2 1 0.9096045 0.6713993 0.3660128 0.5552616 0.03323634 0.1689274 -0.1999802 0.5901099 0.04648246 0.54772
5 10 3 1 0.8983051 0.6346016 0.1936001 0.5571855 0.03356609 0.1780853 -0.1833907 0.5904791 0.0466829 0.5494655
5 11 1 1 0.8163842 0.5990527 0.4386284 0.5512216 0.03146816 0.3793215 0.09220377 0.6020662 0.08535812 0.5374509
5 11 2 1 0.9463277 0.78671 0.2846433 0.4747018 0.03330365 0.8882917 -0.01945949 0.458697 0.4760099 0.5493584
5 11 3 1 0.9548023 0.8161746 0.185773 0.4760485 0.03352822 0.7588193 -0.04260738 0.4617141 0.4890574 0.5488744
5 12 1 1 0.7937853 0.5242585 0.4087904 0.5536745 0.03138222 0.4082682 0.08633175 0.6079985 0.06884114 0.5401501
5 12 2 1 0.9237288 0.7135681 0.2973391 0.4717199 0.03304067 0.694715 -0.05752799 0.4530606 0.4143019 0.5513835
5 12 3 1 0.9152542 0.6899133 0.2502943 0.5406887 0.03377616 0.8406798 0.02632065 0.5638554 0.2406573 0.516022
5 13 1 1 0.8050847 0.5099075 0.4129291 0.5546364 0.0316257 0.2534729 -0.2164747 0.6074396 0.06008069 0.5444894
5 13 2 1 0.9096045 0.679786 0.289035 0.4688342 0.03290812 0.9126898 -0.01686818 0.4470912 0.3416187 0.5539859
5 13 3 1 0.8983051 0.6343255 0.07223493 0.5775298 0.03352649 0.02800882 -0.3122352 0.6208502 0.006520842 0.5757476
5 14 1 1 0.8135593 0.608258 0.3896051 0.5560793 0.0314909 0.1993091 0.1355662 0.6118345 0.05758582 0.546625
5 14 2 1 0.9322034 0.7463037 0.1715468 0.5279915 0.03305637 0.7824542 0.04136888 0.5461866 0.4244187 0.5057288
5 14 3 1 0.940678 0.7626096 0.165234 0.5573778 0.03348625 0.06853258 -0.2600349 0.5913978 0.04709652 0.5558574
5 15 1 1 0.799435 0.497431 0.3575784 0.5463159 0.0315919 0.5224531 0.1216254 0.5915386 0.1196611 0.5295704
5 15 2 1 0.9237288 0.6930614 0.146708 0.5626202 0.03335598 0.06352052 -0.2666877 0.6011516 0.02125656 0.5580509
5 15 3 1 0.8983051 0.6295477 0.04132013 0.5921508 0.03336694 0.01382035 -0.3598882 0.6446493 0.001398243 0.5912911
5 16 1 1 0.8135593 0.5747893 0.4644403 0.5530012 0.03137128 0.2181034 0.2570787 0.607393 0.07174696 0.543959
5 16 2 1 0.700565 0.4405759 0.4378866 0.5426606 0.03362219 0.6878963 0.04778213 0.5692814 0.2209156 0.5217947
5 16 3 1 0.9322034 0.7366494 0.09668202 0.5627164 0.03347895 0.03311001 -0.3001257 0.5993585 0.02845131 0.5612791
5 17 1 1 0.8079096 0.5481356 0.7825013 0.5464602 0.03140266 0.4925468 0.07169905 0.5935446 0.1179591 0.5298377
5 17 2 1 0.9096045 0.6798598 0.4579869 0.4763851 0.03281149 0.4846139 -0.1032642 0.4597776 0.4761321 0.5411945
5 17 3 1 0.9180791 0.7054869 0.4198521 0.5041843 0.03354106 0.6023662 -0.07253811 0.5062434 0.9131889 0.5194185
5 18 1 1 0.799435 0.5521075 0.881722 0.5422278 0.03139005 0.6304627 0.05022359 0.5852713 0.1561383 0.5227873
5 18 2 1 0.9124294 0.6897313 0.4354958 0.5489611 0.03349793 0.2016068 -0.1859366 0.5775401 0.1050273 0.5416248
5 18 3 1 0.920904 0.6886407 0.1838298 0.4754232 0.03336031 0.7333277 -0.04918383 0.4601483 0.4790166 0.5483279
5 19 1 1 0.8022599 0.5471861 0.5348519 0.5492016 0.03143861 0.3226482 0.1034348 0.5991864 0.09764165 0.5370076
5 19 2 1 0.9096045 0.6712941 0.1415805 0.5049538 0.0330695 0.4894579 -0.09981758 0.5077256 0.8937111 0.5138562
5 19 3 1 0.9180791 0.6782538 0.1368289 0.561995 0.03343468 0.0506159 -0.2771216 0.5989535 0.03043358 0.5595375
5 20 1 1 0.819209 0.5638118 0.4242799 0.5633417 0.03157147 0.2287731 0.2353308 0.6250711 0.02909276 0.5562474
5 20 2 1 0.9067797 0.6613769 0.09122451 0.4810504 0.03283857 0.643993 -0.07155064 0.4679312 0.5812416 0.5409484
5 20 3 1 0.8728814 0.575269 0.07068862 0.535302 0.03358567 0.02380047 -0.3201538 0.5564802 0.2204441 0.5346278
5 21 1 1 0.799435 0.5429771 0.4924026 0.5483359 0.03142157 0.2399537 0.2450665 0.5967773 0.1075932 0.5393695
5 21 2 1 0.8954802 0.6425188 0.1376429 0.5746441 0.03274725 0.04882467 -0.310796 0.6267583 0.008319366 0.5729293
5 21 3 1 0.9067797 0.6729521 0.09623998 0.5819546 0.03342591 0.03288287 -0.3001966 0.6275334 0.004673195 0.5796308
5 22 1 1 0.7937853 0.5298783 0.3534718 0.5551654 0.03139279 0.1506907 0.1502284 0.6113047 0.06116767 0.5469255
5 22 2 1 0.9435028 0.7733923 0.1259328 0.5677664 0.03321074 0.05358538 -0.2884653 0.6083141 0.02552214 0.5648528
5 22 3 1 0.9265537 0.7150066 0.2508286 0.4805214 0.03345619 0.7215811 -0.05078627 0.4688454 0.5818723 0.54294
5 23 1 1 0.8022599 0.5242901 0.2201407 0.5497307 0.03155835 0.331728 0.1924395 0.5992337 0.09192353 0.535782
5 23 2 1 0.9124294 0.6738955 0.0883003 0.5734898 0.03301477 0.03256885 -0.3248642 0.620423 0.01001013 0.5720852
5 23 3 1 0.9237288 0.7249148 0.2615609 0.5521354 0.03357865 0.1221534 -0.2134853 0.5823055 0.07171118 0.5486252
5 24 1 1 0.7909605 0.5290818 0.537508 0.5530012 0.03141241 0.2748826 0.1139349 0.6062825 0.07359438 0.5421789
5 24 2 1 0.9322034 0.7421844 0.1629698 0.4823971 0.03309559 0.6246908 -0.07434494 0.4709111 0.6125837 0.5400092
5 24 3 1 0.9096045 0.6833525 0.1427929 0.5733936 0.03374395 0.05639776 -0.2661661 0.6132778 0.01311829 0.5695244
5 25 1 1 0.7966102 0.5642559 0.3821633 0.5491054 0.03150902 0.319155 0.1042135 0.5974843 0.09991832 0.5363371
5 25 2 1 0.9548023 0.8182074 0.2250647 0.5659869 0.0330696 0.09253032 -0.2556261 0.6067696 0.03299715 0.5619318
5 25 3 1 0.9350282 0.7575919 0.1657233 0.5662274 0.03359112 0.0591133 -0.2708325 0.603902 0.02536923 0.5629894
5 26 1 1 0.8163842 0.528351 0.4481873 0.5581474 0.03182986 0.2135308 0.1327103 0.6109178 0.05368765 0.5490406
5 26 2 1 0.9180791 0.7004504 0.106418 0.5724317 0.03309846 0.03985362 -0.3075971 0.6185973 0.007250347 0.5697846
5 26 3 1 0.9011299 0.6500719 0.03203567 0.5273663 0.03348173 0.1627539 -0.1979909 0.5417404 0.4616989 0.517561
5 27 1 1 0.8050847 0.539342 0.4688883 0.5580031 0.03145382 0.2458773 0.121204 0.6159309 0.04990525 0.5474401
5 27 2 1 0.9237288 0.7167297 0.2290329 0.5621874 0.03304334 0.089722 -0.2573929 0.6032965 0.02762602 0.5601028
5 27 3 1 0.8926554 0.6651113 0.1401422 0.5531935 0.03384828 0.2292363 0.1552482 0.5837227 0.1258476 0.5413033
5 28 1 1 0.8079096 0.520255 0.3735566 0.5451616 0.03165141 0.4455993 0.1399583 0.5888574 0.1277241 0.5303171
5 28 2 1 0.7683616 0.4959702 0.3483022 0.5400635 0.0338514 0.4419473 0.09593449 0.5634187 0.2655066 0.5217945
5 28 3 1 0.8870056 0.6392209 0.2665877 0.5538188 0.03347426 0.1072469 -0.2245408 0.5847998 0.07390587 0.5488431
5 29 1 1 0.7853107 0.4870522 0.8757331 0.5348211 0.0314105 0.6357429 -0.04989964 0.5702399 0.2439253 0.5179564
5 29 2 1 0.9576271 0.8160803 0.213487 0.485379 0.03313574 0.6894379 -0.05876138 0.4758458 0.6715326 0.53632
5 29 3 1 0.9350282 0.743516 0.3877018 0.558965 0.03340914 0.1796966 -0.195351 0.5929755 0.05780324 0.5502376
5 30 1 1 0.8022599 0.5420054 0.268822 0.5495864 0.03207983 0.3852789 0.09289199 0.5882855 0.106385 0.5365625
5 30 2 1 0.940678 0.7747224 0.2336535 0.5656983 0.03304582 0.0929268 -0.2524441 0.6082261 0.02386399 0.5613241
5 30 3 1 0.8813559 0.614495 0.07308551 0.4925452 0.03356303 0.575941 -0.08019891 0.4881059 0.8312271 0.5289772
5 31 1 1 0.799435 0.533151 0.5395489 0.5494902 0.03136261 0.278132 0.1134853 0.6004677 0.09421843 0.5378
5 31 2 1 0.940678 0.7690631 0.1788238 0.4764813 0.03315702 0.7202474 -0.05227261 0.4613095 0.4979739 0.5469144
5 31 3 1 0.9237288 0.7199205 0.2933718 0.5435745 0.03370186 0.1245951 -0.2153553 0.5684083 0.1409436 0.5371848
5 32 1 1 0.8220339 0.5347851 0.7528572 0.5516545 0.0318082 0.4479252 0.1392988 0.6002609 0.07853311 0.5377803
5 32 2 1 0.6751412 0.4587624 0.3059702 0.5404002 0.03359829 0.5748829 0.06505921 0.5653656 0.2261733 0.5205574
5 32 3 1 0.9265537 0.7114874 0.07538868 0.5799827 0.03327957 0.02590419 -0.3238281 0.6272616 0.006788264 0.5785623
5 33 1 1 0.8163842 0.578069 0.4526313 0.5541073 0.03138335 0.219468 -0.1285358 0.6095664 0.06680278 0.5432781
5 33 2 1 0.9435028 0.7778544 0.1580363 0.4741728 0.03299463 0.8732206 -0.02355451 0.4568471 0.4555356 0.5501423
5 33 3 1 0.920904 0.712303 0.1809625 0.5649769 0.03356322 0.06966315 -0.2520691 0.6015978 0.02978085 0.5617673
5 34 1 1 0.8220339 0.544548 0.401427 0.5683436 0.03161218 0.178347 0.2647534 0.6324324 0.01853967 0.5606819
5 34 2 1 0.9152542 0.6956197 0.230086 0.4825414 0.03261047 0.7094889 -0.05694315 0.4697468 0.6096078 0.5394463
5 34 3 1 0.9067797 0.6509677 0.1870731 0.5720469 0.03354044 0.0712256 -0.2518016 0.6123646 0.0127647 0.5683653
5 35 1 1 0.7853107 0.491742 0.04808417 0.5647364 0.0314066 0.1731171 0.1420777 0.6272178 0.02731969 0.5570993
5 35 2 1 0.9096045 0.6819482 0.1024105 0.5366968 0.03295526 0.8859246 0.02276715 0.5609407 0.2997177 0.5119495
5 35 3 1 0.9067797 0.6612433 0.3319615 0.5591574 0.03363612 0.4788749 0.09556064 0.5949113 0.0752957 0.539668
5 36 1 1 0.799435 0.5513785 0.6482874 0.5454021 0.03141735 0.4673705 0.150282 0.5916667 0.123971 0.530259
5 36 2 1 0.8954802 0.6449957 0.3231199 0.5668526 0.03294922 0.1358395 -0.224278 0.610676 0.01408749 0.5612421
5 36 3 1 0.9237288 0.6982607 0.09187133 0.5599269 0.03346298 0.03977585 -0.2981462 0.5944672 0.03623845 0.5593189
5 37 1 1 0.8079096 0.5967202 0.5213082 0.544344 0.03147119 0.3147438 0.1050052 0.5888335 0.1410815 0.5304467
5 37 2 1 0.960452 0.8166099 0.4720427 0.5296268 0.03361619 0.8488161 0.0253249 0.5471296 0.3916119 0.5046252
5 37 3 1 0.9463277 0.7881098 0.1139863 0.5696422 0.03337946 0.04190428 -0.2988368 0.6103143 0.01949913 0.5683645
5 38 1 1 0.799435 0.5393285 0.5717923 0.5580031 0.03138297 0.2982275 0.1083678 0.6158864 0.04901487 0.5464253
5 38 2 1 0.9463277 0.7880707 0.1389606 0.572576 0.03328285 0.05156882 -0.2864787 0.6150672 0.01661802 0.5697424
5 38 3 1 0.9265537 0.7233659 0.1705716 0.4667661 0.03344299 0.9057444 -0.01732761 0.4467727 0.3430544 0.5570007
5 39 1 1 0.799435 0.5298713 0.3009769 0.5565121 0.03142181 0.3576435 0.0963795 0.6128476 0.0558774 0.5419861
5 39 2 1 0.9322034 0.7353411 0.3346567 0.5407849 0.03305845 0.1474087 -0.2211033 0.5678577 0.1585332 0.5348494
5 39 3 1 0.9152542 0.6962957 0.2480884 0.556464 0.03357478 0.1005155 -0.2355279 0.5887341 0.05852592 0.5538906
5 40 1 1 0.8135593 0.5833567 0.2672739 0.550885 0.03147987 0.3317724 0.1013243 0.6006074 0.08802119 0.5371678
5 40 2 1 0.9237288 0.7159696 0.1204576 0.485908 0.03336076 0.9632672 -0.006457408 0.4774292 0.6926058 0.539
5 40 3 1 0.9096045 0.6654046 0.004881278 0.5985475 0.03354746 0.001966327 -0.4422414 0.650974 0.0006127172 0.6001947
5 41 1 1 0.7966102 0.5197747 0.210707 0.5633417 0.03144861 0.1456585 -0.1526306 0.625979 0.03155649 0.5553565
5 41 2 1 0.9322034 0.7445114 0.1483221 0.570556 0.03318294 0.05360252 -0.2855653 0.6139586 0.01421639 0.5676767
5 41 3 1 0.8983051 0.6313109 0.1367078 0.5704598 0.03350727 0.04846457 -0.2824884 0.6110267 0.01302517 0.5675505
5 42 1 1 0.8022599 0.552496 0.5526464 0.5516064 0.03146338 0.4257489 0.1629858 0.6026376 0.08110201 0.537548
5 42 2 1 0.9237288 0.7047914 0.129157 0.562476 0.03328709 0.04567099 -0.2940245 0.6010282 0.02185824 0.5610926
5 42 3 1 0.9265537 0.7173582 0.1930348 0.563486 0.0334526 0.08485344 -0.2450192 0.6010744 0.02656662 0.5605646
5 43 1 1 0.819209 0.5700085 0.7231356 0.5477588 0.03138627 0.4427099 0.08033132 0.5966958 0.1071048 0.5320769
5 43 2 1 0.9039548 0.6677425 0.4902933 0.5481916 0.03300005 0.2353489 -0.1793625 0.5800734 0.102512 0.5396515
5 43 3 1 0.9124294 0.6628953 0.09518801 0.4663813 0.03334873 0.9310293 -0.01269693 0.4456639 0.3333495 0.5575376
5 44 1 1 0.8050847 0.5759663 0.4949828 0.5537707 0.03152324 0.3149675 0.1050027 0.6059402 0.07011421 0.5414562
5 44 2 1 0.9435028 0.7836208 0.2395951 0.5705079 0.03297101 0.105616 -0.250789 0.6164253 0.01430566 0.564612
5 44 3 1 0.7881356 0.5615403 0.4938405 0.5536264 0.0336965 0.5539808 0.07274032 0.5864207 0.09907647 0.5336077
5 45 1 1 0.8050847 0.5759663 0.4525012 0.5535302 0.03152656 0.2751863 0.1141942 0.6054872 0.07143015 0.5429304
5 45 2 1 0.9519774 0.8036316 0.08966024 0.5014429 0.03306857 0.4155699 -0.118786 0.5020973 0.9710979 0.5166291
5 45 3 1 0.9322034 0.7349614 0.3965969 0.5168815 0.03380001 0.9939439 0.001008234 0.5262611 0.6384484 0.5078169
5 46 1 1 0.819209 0.5553914 0.6707191 0.5268853 0.03159944 0.6747918 -0.08309894 0.551667 0.4151261 0.5068029
5 46 2 1 0.8898305 0.630346 0.07123123 0.5843594 0.03275253 0.03937117 -0.3319512 0.6419873 0.001201036 0.5835262
5 46 3 1 0.920904 0.6889784 0.07358589 0.5742593 0.03339066 0.02564027 -0.3282799 0.6174722 0.01110496 0.5724714
5 47 1 1 0.799435 0.5327953 0.4512146 0.5579069 0.03140599 0.2096299 0.1310142 0.616185 0.04937337 0.5505899
5 47 2 1 0.9293785 0.7473196 0.1863082 0.4761447 0.03296395 0.6854212 -0.06107396 0.4598014 0.4618668 0.5459964
5 47 3 1 0.8728814 0.6050844 0.1192714 0.4944209 0.03390198 0.7038276 -0.0513588 0.4913202 0.8752507 0.5267496
5 48 1 1 0.7937853 0.5038813 0.03403044 0.5497788 0.03140293 0.2475399 -0.1209393 0.5992731 0.09224307 0.5386456
5 48 2 1 0.940678 0.7464511 0.3807929 0.4851866 0.033255 0.9663586 -0.005902833 0.4760359 0.6814338 0.5401459
5 48 3 1 0.9265537 0.6993545 0.1730344 0.4748942 0.03354174 0.6814317 -0.05709427 0.4598629 0.4666466 0.5473151
5 49 1 1 0.8050847 0.5177404 0.3219566 0.5589169 0.03162615 0.204371 0.1335575 0.6137164 0.04373641 0.5490414
5 49 2 1 0.9265537 0.7318442 0.2209938 0.574115 0.03331075 0.08619961 -0.2473187 0.6167628 0.0134002 0.5689026
5 49 3 1 0.9124294 0.6694419 0.2042343 0.4841766 0.03346816 0.5721323 -0.0803388 0.4746255 0.6507377 0.5381407
